(-8.625,11.325,1.4000000000000001,1.4000000000000001)
(-8.625,11.274999999999999,1.4000000000000001,1.4000000000000001)
(-8.625,11.225000000000001,1.392838827718412,1.392838827718412)
(-8.625,11.175,1.3756816492197605,1.3756816492197605)
(-8.625,11.125,1.3601470508735445,1.3601470508735445)
(-8.675,11.075,1.3647344063956182,1.3647344063956182)
(-8.675,11.024999999999999,1.3729530217745982,1.3729530217745982)
(-8.675,10.975000000000001,1.3601470508735445,1.3601470508735445)
(-8.725,10.925,1.3462912017836262,1.3462912017836262)
(-8.725,10.875,1.3583077707206126,1.3583077707206126)
(-8.725,10.825,1.3647344063956182,1.3647344063956182)
(-8.725,10.774999999999999,1.3601470508735445,1.3601470508735445)
(-8.725,10.725000000000001,1.341640786499874,1.341640786499874)
(-8.775,10.675,1.3462912017836262,1.3462912017836262)
(-8.775,10.625,1.341640786499874,1.341640786499874)
(-8.825,10.575,1.3238202294873727,1.3238202294873727)
(-8.825,10.524999999999999,1.3341664064126335,1.3341664064126335)
(-8.825,10.475000000000001,1.3285330255586425,1.3285330255586425)
(-8.875,10.425,1.3124404748406688,1.3124404748406688)
(-8.875,10.375,1.3209844813622906,1.3209844813622906)
(-8.925,10.325,1.3,1.3)
(-8.925,10.274999999999999,1.3200378782444087,1.3200378782444087)
(-8.925,10.225000000000001,1.3,1.3)
(-8.975,10.175,1.3086252328302401,1.3086252328302401)
(-8.975,10.125,1.3124404748406688,1.3124404748406688)
(-8.975,10.075,1.2980754985747172,1.2980754985747172)
(-9.025,10.024999999999999,1.2854960132182442,1.2854960132182442)
(-9.025,9.975000000000001,1.2980754985747172,1.2980754985747172)
(-9.025,9.925,1.2980754985747172,1.2980754985747172)
(-9.025,9.875,1.2854960132182442,1.2854960132182442)
(-9.075,9.825,1.2980754985747172,1.2980754985747172)
(-9.075,9.774999999999999,1.2776932339180638,1.2776932339180638)
(-9.125,9.725000000000001,1.2816005617976298,1.2816005617976298)
(-9.125,9.675,1.2747548783981963,1.2747548783981963)
(-9.175,9.625,1.264911064067352,1.264911064067352)
(-9.175,9.575,1.2747548783981963,1.2747548783981963)
(-9.175,9.524999999999999,1.264911064067352,1.264911064067352)
(-9.225,9.475000000000001,1.25,1.25)
(-9.225,9.425,1.2589678312014172,1.2589678312014172)
(-9.225,9.375,1.2658988901172163,1.2658988901172163)
(-9.225,9.325,1.264911064067352,1.264911064067352)
(-9.225,9.274999999999999,1.25,1.25)
(-9.275,9.225000000000001,1.25,1.25)
(-9.275,9.175,1.264911064067352,1.264911064067352)
(-9.275,9.125,1.264911064067352,1.264911064067352)
(-9.275,9.075,1.25,1.25)
(-9.325,9.024999999999999,1.264911064067352,1.264911064067352)
(-9.325,8.975000000000001,1.2747548783981963,1.2747548783981963)
(-9.375,8.925,1.2539936203984454,1.2539936203984454)
(-9.375,8.875,1.2747548783981963,1.2747548783981963)
(-9.375,8.825,1.264911064067352,1.264911064067352)
(-9.375,8.774999999999999,1.25,1.25)
(-9.425,8.725000000000001,1.2539936203984454,1.2539936203984454)
(-9.425,8.675,1.2589678312014172,1.2589678312014172)
(-9.425,8.625,1.2658988901172163,1.2658988901172163)
(-9.425,8.575,1.2589678312014172,1.2589678312014172)
(-9.425,8.524999999999999,1.25,1.25)
(-9.475,8.475000000000001,1.25,1.25)
(-9.475,8.425,1.264911064067352,1.264911064067352)
(-9.475,8.375,1.25,1.25)
(-9.525,8.325,1.25,1.25)
(-9.525,8.274999999999999,1.264911064067352,1.264911064067352)
(-9.525,8.225000000000001,1.264911064067352,1.264911064067352)
(-9.525,8.175,1.25,1.25)
(-9.575,8.125,1.25,1.25)
(-9.575,8.075,1.264911064067352,1.264911064067352)
(-9.575,8.024999999999999,1.25,1.25)
(-9.625,7.975000000000001,1.25,1.25)
(-9.625,7.925000000000001,1.2589678312014172,1.2589678312014172)
(-9.625,7.875,1.2658988901172163,1.2658988901172163)
(-9.625,7.824999999999999,1.2589678312014172,1.2589678312014172)
(-9.625,7.774999999999999,1.25,1.25)
(-9.675,7.725000000000001,1.25,1.25)
(-9.675,7.675000000000001,1.264911064067352,1.264911064067352)
(-9.675,7.625,1.2658988901172163,1.2658988901172163)
(-9.675,7.574999999999999,1.2589678312014172,1.2589678312014172)
(-9.725,7.524999999999999,1.264911064067352,1.264911064067352)
(-9.725,7.474999999999998,1.2816005617976298,1.2816005617976298)
(-9.725,7.425000000000001,1.2747548783981963,1.2747548783981963)
(-9.725,7.375,1.2658988901172163,1.2658988901172163)
(-9.775,7.324999999999999,1.2747548783981963,1.2747548783981963)
(-9.775,7.274999999999999,1.2854960132182442,1.2854960132182442)
(-9.775,7.224999999999998,1.2816005617976298,1.2816005617976298)
(-9.775,7.175000000000001,1.264911064067352,1.264911064067352)
(-9.825,7.125,1.2658988901172163,1.2658988901172163)
(-9.825,7.074999999999999,1.2747548783981963,1.2747548783981963)
(-9.825,7.024999999999999,1.2747548783981963,1.2747548783981963)
(-9.825,6.974999999999998,1.2658988901172163,1.2658988901172163)
(-9.875,6.925000000000001,1.264911064067352,1.264911064067352)
(-9.875,6.875,1.2747548783981963,1.2747548783981963)
(-9.875,6.824999999999999,1.2854960132182442,1.2854960132182442)
(-9.875,6.774999999999999,1.2747548783981963,1.2747548783981963)
(-9.875,6.724999999999998,1.264911064067352,1.264911064067352)
(-9.925,6.675000000000001,1.2816005617976298,1.2816005617976298)
(-9.925,6.625,1.2854960132182442,1.2854960132182442)
(-9.925,6.574999999999999,1.2747548783981963,1.2747548783981963)
(-9.975,6.524999999999999,1.2747548783981963,1.2747548783981963)
(-9.975,6.474999999999998,1.2854960132182442,1.2854960132182442)
(-9.975,6.425000000000001,1.2854960132182442,1.2854960132182442)
(-9.975,6.375,1.2747548783981963,1.2747548783981963)
(-10.025,6.324999999999999,1.2747548783981963,1.2747548783981963)
(-10.025,6.274999999999999,1.2854960132182442,1.2854960132182442)
(-10.025,6.224999999999998,1.2854960132182442,1.2854960132182442)
(-10.025,6.175000000000001,1.2747548783981963,1.2747548783981963)
(-10.075000000000001,6.125,1.2658988901172163,1.2658988901172163)
(-10.075000000000001,6.074999999999999,1.2747548783981963,1.2747548783981963)
(-10.075000000000001,6.024999999999999,1.2854960132182442,1.2854960132182442)
(-10.075000000000001,5.974999999999998,1.2980754985747172,1.2980754985747172)
(-10.075000000000001,5.925000000000001,1.3,1.3)
(-10.075000000000001,5.875,1.2971121771072847,1.2971121771072847)
(-10.125,5.824999999999999,1.2854960132182442,1.2854960132182442)
(-10.125,5.774999999999999,1.2980754985747172,1.2980754985747172)
(-10.125,5.724999999999998,1.2816005617976298,1.2816005617976298)
(-10.175,5.675000000000001,1.2747548783981963,1.2747548783981963)
(-10.175,5.625,1.2854960132182442,1.2854960132182442)
(-10.175,5.574999999999999,1.2854960132182442,1.2854960132182442)
(-10.175,5.524999999999999,1.2747548783981963,1.2747548783981963)
(-10.175,5.474999999999998,1.2658988901172163,1.2658988901172163)
(-10.175,5.425000000000001,1.2589678312014172,1.2589678312014172)
(-10.225,5.375,1.2589678312014172,1.2589678312014172)
(-10.225,5.324999999999999,1.2658988901172163,1.2658988901172163)
(-10.225,5.274999999999999,1.2747548783981963,1.2747548783981963)
(-10.225,5.224999999999998,1.264911064067352,1.264911064067352)
(-10.275,5.175000000000001,1.25,1.25)
(-10.275,5.125,1.264911064067352,1.264911064067352)
(-10.275,5.074999999999999,1.2747548783981963,1.2747548783981963)
(-10.275,5.024999999999999,1.2658988901172163,1.2658988901172163)
(-10.325000000000001,4.974999999999998,1.2747548783981963,1.2747548783981963)
(-10.325000000000001,4.925000000000001,1.2854960132182442,1.2854960132182442)
(-10.325000000000001,4.875,1.2980754985747172,1.2980754985747172)
(-10.325000000000001,4.824999999999999,1.2980754985747172,1.2980754985747172)
(-10.325000000000001,4.774999999999999,1.2854960132182442,1.2854960132182442)
(-10.325000000000001,4.724999999999998,1.2747548783981963,1.2747548783981963)
(-10.375,4.675000000000001,1.2854960132182442,1.2854960132182442)
(-10.375,4.625,1.2980754985747172,1.2980754985747172)
(-10.375,4.574999999999999,1.2980754985747172,1.2980754985747172)
(-10.375,4.524999999999999,1.2854960132182442,1.2854960132182442)
(-10.375,4.475,1.2747548783981963,1.2747548783981963)
(-10.375,4.424999999999999,1.264911064067352,1.264911064067352)
(-10.425,4.375,1.2658988901172163,1.2658988901172163)
(-10.425,4.324999999999999,1.2747548783981963,1.2747548783981963)
(-10.425,4.274999999999999,1.2747548783981963,1.2747548783981963)
(-10.425,4.225,1.2658988901172163,1.2658988901172163)
(-10.425,4.174999999999999,1.2589678312014172,1.2589678312014172)
(-10.475,4.125,1.2658988901172163,1.2658988901172163)
(-10.475,4.074999999999999,1.2747548783981963,1.2747548783981963)
(-10.475,4.024999999999999,1.2747548783981963,1.2747548783981963)
(-10.475,3.9749999999999996,1.264911064067352,1.264911064067352)
(-10.525,3.924999999999999,1.264911064067352,1.264911064067352)
(-10.525,3.875,1.2747548783981963,1.2747548783981963)
(-10.525,3.8249999999999993,1.264911064067352,1.264911064067352)
(-10.525,3.7749999999999986,1.25,1.25)
(-10.575000000000001,3.7249999999999996,1.2539936203984454,1.2539936203984454)
(-10.575000000000001,3.674999999999999,1.2589678312014172,1.2589678312014172)
(-10.575000000000001,3.625,1.2658988901172163,1.2658988901172163)
(-10.575000000000001,3.5749999999999993,1.2589678312014172,1.2589678312014172)
(-10.575000000000001,3.5249999999999986,1.2539936203984454,1.2539936203984454)
(-10.575000000000001,3.4749999999999996,1.25,1.25)
(-10.625,3.424999999999999,1.2509996003196804,1.2509996003196804)
(-10.625,3.375,1.2539936203984454,1.2539936203984454)
(-10.625,3.3249999999999993,1.25,1.25)
(-10.625,3.2749999999999986,1.2369316876852983,1.2369316876852983)
(-10.675,3.2249999999999996,1.2257650672131264,1.2257650672131264)
(-10.675,3.174999999999999,1.2369316876852983,1.2369316876852983)
(-10.675,3.125,1.25,1.25)
(-10.675,3.0749999999999993,1.2539936203984454,1.2539936203984454)
(-10.675,3.0249999999999986,1.2509996003196804,1.2509996003196804)
(-10.675,2.9749999999999996,1.25,1.25)
(-10.675,2.924999999999999,1.25,1.25)
(-10.725,2.875,1.25,1.25)
(-10.725,2.8249999999999993,1.2589678312014172,1.2589678312014172)
(-10.725,2.7749999999999986,1.25,1.25)
(-10.725,2.7249999999999996,1.2369316876852983,1.2369316876852983)
(-10.775,2.674999999999999,1.2369316876852983,1.2369316876852983)
(-10.775,2.625,1.25,1.25)
(-10.775,2.5749999999999993,1.25,1.25)
(-10.775,2.5249999999999986,1.2349089035228469,1.2349089035228469)
(-10.825000000000001,2.4749999999999996,1.2257650672131264,1.2257650672131264)
(-10.825000000000001,2.424999999999999,1.2369316876852983,1.2369316876852983)
(-10.825000000000001,2.375,1.2369316876852983,1.2369316876852983)
(-10.825000000000001,2.3249999999999993,1.2257650672131264,1.2257650672131264)
(-10.825000000000001,2.2749999999999986,1.216552506059644,1.216552506059644)
(-10.825000000000001,2.2249999999999996,1.2093386622447824,1.2093386622447824)
(-10.825000000000001,2.174999999999999,1.2041594578792296,1.2041594578792296)
(-10.825000000000001,2.125,1.2010412149464313,1.2010412149464313)
(-10.875,2.0749999999999993,1.2041594578792296,1.2041594578792296)
(-10.875,2.0249999999999986,1.2093386622447824,1.2093386622447824)
(-10.875,1.9749999999999996,1.216552506059644,1.216552506059644)
(-10.875,1.924999999999999,1.2257650672131264,1.2257650672131264)
(-10.875,1.875,1.216552506059644,1.216552506059644)
(-10.875,1.8249999999999993,1.2093386622447824,1.2093386622447824)
(-10.925,1.7749999999999986,1.2093386622447824,1.2093386622447824)
(-10.925,1.7249999999999996,1.216552506059644,1.216552506059644)
(-10.925,1.674999999999999,1.2257650672131264,1.2257650672131264)
(-10.925,1.625,1.216552506059644,1.216552506059644)
(-10.925,1.5749999999999993,1.2093386622447824,1.2093386622447824)
(-10.975,1.5249999999999986,1.216552506059644,1.216552506059644)
(-10.975,1.4749999999999996,1.2257650672131264,1.2257650672131264)
(-10.975,1.424999999999999,1.2257650672131264,1.2257650672131264)
(-10.975,1.375,1.216552506059644,1.216552506059644)
(-11.025,1.3249999999999993,1.2175795661885922,1.2175795661885922)
(-11.025,1.2749999999999986,1.2349089035228469,1.2349089035228469)
(-11.025,1.2249999999999996,1.25,1.25)
(-11.025,1.174999999999999,1.2369316876852983,1.2369316876852983)
(-11.025,1.125,1.2257650672131264,1.2257650672131264)
(-11.075000000000001,1.0749999999999993,1.216552506059644,1.216552506059644)
(-11.075000000000001,1.0249999999999986,1.2257650672131264,1.2257650672131264)
(-11.075000000000001,0.9749999999999996,1.2369316876852983,1.2369316876852983)
(-11.075000000000001,0.9249999999999989,1.2349089035228469,1.2349089035228469)
(-11.075000000000001,0.875,1.2175795661885922,1.2175795661885922)
(-11.075000000000001,0.8249999999999993,1.2020815280171309,1.2020815280171309)
(-11.125,0.7749999999999986,1.2000000000000002,1.2000000000000002)
(-11.125,0.7249999999999996,1.2000000000000002,1.2000000000000002)
(-11.125,0.6749999999999989,1.2000000000000002,1.2000000000000002)
(-11.125,0.625,1.2000000000000002,1.2000000000000002)
(-11.125,0.5749999999999993,1.2000000000000002,1.2000000000000002)
(-11.125,0.5249999999999986,1.2000000000000002,1.2000000000000002)
(-11.125,0.47499999999999964,1.2000000000000002,1.2000000000000002)
(-11.125,0.42499999999999893,1.1884864324004714,1.1884864324004714)
(-11.125,0.375,1.176860229593982,1.176860229593982)
(-11.125,0.3249999999999993,1.1672617529928753,1.1672617529928753)
(-11.125,0.2749999999999986,1.1597413504743201,1.1597413504743201)
(-11.125,0.22499999999999964,1.1543396380615196,1.1543396380615196)
(-11.125,0.17499999999999893,1.1510864433221337,1.1510864433221337)
(-11.175,0.125,1.1543396380615196,1.1543396380615196)
(-11.175,0.07499999999999929,1.1597413504743201,1.1597413504743201)
(-11.175,0.02499999999999858,1.1672617529928753,1.1672617529928753)
(-11.175,-0.025000000000000355,1.1597413504743201,1.1597413504743201)
(-11.175,-0.07500000000000107,1.1543396380615196,1.1543396380615196)
(-11.175,-0.125,1.1510864433221337,1.1510864433221337)
(-11.225,-0.1750000000000007,1.1500000000000001,1.1500000000000001)
(-11.175,-0.22500000000000142,1.1500000000000001,1.1500000000000001)
(-11.175,-0.27500000000000036,1.1500000000000001,1.1500000000000001)
(-11.225,-0.32500000000000107,1.1510864433221337,1.1510864433221337)
(-11.225,-0.375,1.1543396380615196,1.1543396380615196)
(-11.225,-0.4250000000000007,1.1597413504743201,1.1597413504743201)
(-11.225,-0.4750000000000014,1.1672617529928753,1.1672617529928753)
(-11.225,-0.5250000000000004,1.176860229593982,1.176860229593982)
(-11.225,-0.5750000000000011,1.176860229593982,1.176860229593982)
(-11.225,-0.625,1.1672617529928753,1.1672617529928753)
(-11.225,-0.6750000000000007,1.1597413504743201,1.1597413504743201)
(-11.225,-0.7250000000000014,1.1543396380615196,1.1543396380615196)
(-11.225,-0.7750000000000004,1.1510864433221337,1.1510864433221337)
(-11.275,-0.8250000000000011,1.1510864433221337,1.1510864433221337)
(-11.275,-0.875,1.1543396380615196,1.1543396380615196)
(-11.275,-0.9250000000000007,1.1597413504743201,1.1597413504743201)
(-11.275,-0.9750000000000014,1.1597413504743201,1.1597413504743201)
(-11.275,-1.0250000000000004,1.1543396380615196,1.1543396380615196)
(-11.275,-1.075000000000001,1.1510864433221337,1.1510864433221337)
(-11.325000000000001,-1.125,1.1500000000000001,1.1500000000000001)
(-11.325000000000001,-1.1750000000000007,1.1500000000000001,1.1500000000000001)
(-11.275,-1.2250000000000014,1.1500000000000001,1.1500000000000001)
(-11.275,-1.2750000000000004,1.1500000000000001,1.1500000000000001)
(-11.275,-1.325000000000001,1.1500000000000001,1.1500000000000001)
(-11.325000000000001,-1.375,1.1500000000000001,1.1500000000000001)
(-11.325000000000001,-1.4250000000000007,1.1510864433221337,1.1510864433221337)
(-11.325000000000001,-1.4750000000000014,1.1543396380615196,1.1543396380615196)
(-11.325000000000001,-1.5250000000000004,1.1597413504743201,1.1597413504743201)
(-11.325000000000001,-1.575000000000001,1.1672617529928753,1.1672617529928753)
(-11.325000000000001,-1.625,1.176860229593982,1.176860229593982)
(-11.325000000000001,-1.6750000000000007,1.176860229593982,1.176860229593982)
(-11.325000000000001,-1.7250000000000014,1.1672617529928753,1.1672617529928753)
(-11.325000000000001,-1.7750000000000004,1.1597413504743201,1.1597413504743201)
(-11.375,-1.825000000000001,1.1597413504743201,1.1597413504743201)
(-11.375,-1.875,1.1672617529928753,1.1672617529928753)
(-11.375,-1.9250000000000007,1.176860229593982,1.176860229593982)
(-11.375,-1.9750000000000014,1.1884864324004714,1.1884864324004714)
(-11.375,-2.0250000000000004,1.2000000000000002,1.2000000000000002)
(-11.375,-2.075000000000001,1.2000000000000002,1.2000000000000002)
(-11.375,-2.1250000000000018,1.2000000000000002,1.2000000000000002)
(-11.375,-2.1750000000000007,1.2000000000000002,1.2000000000000002)
(-11.375,-2.2250000000000014,1.2000000000000002,1.2000000000000002)
(-11.375,-2.2750000000000004,1.1884864324004714,1.1884864324004714)
(-11.425,-2.325000000000001,1.2000000000000002,1.2000000000000002)
(-11.425,-2.3750000000000018,1.2000000000000002,1.2000000000000002)
(-11.425,-2.4250000000000007,1.2000000000000002,1.2000000000000002)
(-11.425,-2.4750000000000014,1.2000000000000002,1.2000000000000002)
(-11.425,-2.5250000000000004,1.2000000000000002,1.2000000000000002)
(-11.425,-2.575000000000001,1.2000000000000002,1.2000000000000002)
(-11.425,-2.6250000000000018,1.2000000000000002,1.2000000000000002)
(-11.425,-2.6750000000000007,1.2000000000000002,1.2000000000000002)
(-11.425,-2.7250000000000014,1.2000000000000002,1.2000000000000002)
(-11.425,-2.7750000000000004,1.2000000000000002,1.2000000000000002)
(-11.425,-2.825000000000001,1.2000000000000002,1.2000000000000002)
(-11.425,-2.8750000000000018,1.2000000000000002,1.2000000000000002)
(-11.425,-2.9250000000000007,1.2000000000000002,1.2000000000000002)
(-11.425,-2.9750000000000014,1.2000000000000002,1.2000000000000002)
(-11.425,-3.0250000000000004,1.2000000000000002,1.2000000000000002)
(-11.425,-3.075000000000001,1.2000000000000002,1.2000000000000002)
(-11.475000000000001,-3.1250000000000018,1.2010412149464313,1.2010412149464313)
(-11.475000000000001,-3.1750000000000007,1.2041594578792296,1.2041594578792296)
(-11.475000000000001,-3.2250000000000014,1.2093386622447824,1.2093386622447824)
(-11.475000000000001,-3.2750000000000004,1.216552506059644,1.216552506059644)
(-11.475000000000001,-3.325000000000001,1.2257650672131264,1.2257650672131264)
(-11.475000000000001,-3.3750000000000018,1.2369316876852983,1.2369316876852983)
(-11.475000000000001,-3.4250000000000007,1.25,1.25)
(-11.475000000000001,-3.4750000000000014,1.25,1.25)
(-11.475000000000001,-3.5250000000000012,1.25,1.25)
(-11.475000000000001,-3.575000000000001,1.25,1.25)
(-11.475000000000001,-3.625000000000001,1.25,1.25)
(-11.475000000000001,-3.6750000000000007,1.25,1.25)
(-11.475000000000001,-3.7250000000000014,1.25,1.25)
(-11.475000000000001,-3.7750000000000012,1.25,1.25)
(-11.475000000000001,-3.825000000000001,1.25,1.25)
(-11.475000000000001,-3.875000000000001,1.25,1.25)
(-11.425,-3.9250000000000007,1.25,1.25)
(-11.425,-3.9750000000000014,1.25,1.25)
(-11.425,-4.025000000000001,1.2509996003196804,1.2509996003196804)
(-11.425,-4.075000000000001,1.2539936203984454,1.2539936203984454)
(-11.425,-4.125000000000001,1.2589678312014172,1.2589678312014172)
(-11.425,-4.175000000000001,1.2658988901172163,1.2658988901172163)
(-11.425,-4.225000000000001,1.2747548783981963,1.2747548783981963)
(-11.425,-4.275000000000001,1.2854960132182442,1.2854960132182442)
(-11.425,-4.325000000000001,1.2980754985747172,1.2980754985747172)
(-11.425,-4.375000000000001,1.3,1.3)
(-11.425,-4.425000000000001,1.3,1.3)
(-11.425,-4.475000000000001,1.3,1.3)
(-11.425,-4.525000000000001,1.3,1.3)
(-11.425,-4.575000000000001,1.3,1.3)
(-11.425,-4.625000000000001,1.3,1.3)
(-11.425,-4.675000000000001,1.3,1.3)
(-11.425,-4.725000000000001,1.2980754985747172,1.2980754985747172)
(-11.425,-4.775000000000001,1.2854960132182442,1.2854960132182442)
(-11.425,-4.825000000000001,1.2747548783981963,1.2747548783981963)
(-11.375,-4.875000000000001,1.2747548783981963,1.2747548783981963)
(-11.375,-4.925000000000001,1.2854960132182442,1.2854960132182442)
(-11.375,-4.975000000000001,1.2980754985747172,1.2980754985747172)
(-11.375,-5.025000000000001,1.3009611831257688,1.3009611831257688)
(-11.375,-5.075000000000001,1.2980754985747172,1.2980754985747172)
(-11.325000000000001,-5.125000000000001,1.2980754985747172,1.2980754985747172)
(-11.325000000000001,-5.175000000000001,1.3,1.3)
(-11.325000000000001,-5.225000000000001,1.3,1.3)
(-11.325000000000001,-5.275000000000001,1.3,1.3)
(-11.325000000000001,-5.325000000000001,1.3009611831257688,1.3009611831257688)
(-11.325000000000001,-5.375000000000001,1.3009611831257688,1.3009611831257688)
(-11.325000000000001,-5.425000000000001,1.3,1.3)
(-11.325000000000001,-5.475000000000001,1.2971121771072847,1.2971121771072847)
(-11.275,-5.525000000000001,1.2747548783981963,1.2747548783981963)
(-11.275,-5.575000000000001,1.2854960132182442,1.2854960132182442)
(-11.275,-5.625000000000001,1.2816005617976298,1.2816005617976298)
(-11.275,-5.675000000000001,1.264911064067352,1.264911064067352)
(-11.225,-5.725000000000001,1.2747548783981963,1.2747548783981963)
(-11.225,-5.775000000000001,1.2854960132182442,1.2854960132182442)
(-11.225,-5.825000000000001,1.2747548783981963,1.2747548783981963)
(-11.225,-5.875000000000001,1.2658988901172163,1.2658988901172163)
(-11.175,-5.925000000000001,1.2816005617976298,1.2816005617976298)
(-11.175,-5.975000000000001,1.3,1.3)
(-11.175,-6.025000000000001,1.2980754985747172,1.2980754985747172)
(-11.125,-6.075000000000001,1.2971121771072847,1.2971121771072847)
(-11.125,-6.125000000000001,1.3124404748406688,1.3124404748406688)
(-11.125,-6.175000000000001,1.3124404748406688,1.3124404748406688)
(-11.075000000000001,-6.225000000000001,1.3,1.3)
(-11.075000000000001,-6.275000000000001,1.3152946437965907,1.3152946437965907)
(-11.075000000000001,-6.325000000000001,1.3200378782444087,1.3200378782444087)
(-11.075000000000001,-6.375000000000001,1.3,1.3)
(-11.025,-6.425000000000001,1.2980754985747172,1.2980754985747172)
(-11.025,-6.475000000000001,1.3124404748406688,1.3124404748406688)
(-11.025,-6.525000000000001,1.2971121771072847,1.2971121771072847)
(-10.975,-6.575000000000001,1.3,1.3)
(-10.975,-6.625000000000001,1.2971121771072847,1.2971121771072847)
(-10.925,-6.675000000000001,1.2971121771072847,1.2971121771072847)
(-10.925,-6.725000000000001,1.3,1.3)
(-10.875,-6.775000000000001,1.2816005617976298,1.2816005617976298)
(-10.875,-6.825000000000001,1.3,1.3)
(-10.875,-6.875000000000001,1.2776932339180638,1.2776932339180638)
(-10.825000000000001,-6.925000000000002,1.2903487900563941,1.2903487900563941)
(-10.775,-6.975000000000001,1.2747548783981963,1.2747548783981963)
(-10.775,-7.025000000000001,1.2776932339180638,1.2776932339180638)
(-10.725,-7.075000000000001,1.2776932339180638,1.2776932339180638)
(-10.725,-7.125000000000001,1.2747548783981963,1.2747548783981963)
(-10.675,-7.175000000000002,1.2903487900563941,1.2903487900563941)
(-10.675,-7.225000000000001,1.2816005617976298,1.2816005617976298)
(-10.625,-7.275000000000001,1.3124404748406688,1.3124404748406688)
(-10.575000000000001,-7.325000000000001,1.3086252328302401,1.3086252328302401)
(-10.575000000000001,-7.375000000000001,1.3209844813622906,1.3209844813622906)
(-10.525,-7.425000000000002,1.341640786499874,1.341640786499874)
(-10.475,-7.475000000000001,1.3200378782444087,1.3200378782444087)
(-10.475,-7.525000000000001,1.341640786499874,1.341640786499874)
(-10.425,-7.575000000000001,1.3209844813622906,1.3209844813622906)
(-10.425,-7.625000000000002,1.3086252328302401,1.3086252328302401)
(-10.375,-7.675000000000001,1.3086252328302401,1.3086252328302401)
(-10.325000000000001,-7.725000000000001,1.3124404748406688,1.3124404748406688)
(-10.275,-7.775000000000001,1.30384048104053,1.30384048104053)
(-10.225,-7.825000000000001,1.2903487900563941,1.2903487900563941)
(-10.175,-7.875000000000002,1.2747548783981963,1.2747548783981963)
(-10.175,-7.925000000000001,1.2727922061357857,1.2727922061357857)
(-10.125,-7.975000000000001,1.2747548783981963,1.2747548783981963)
(-10.075000000000001,-8.025000000000002,1.2619429464123963,1.2619429464123963)
(-10.075000000000001,-8.075000000000001,1.25,1.25)
(-10.025,-8.125000000000002,1.2619429464123963,1.2619429464123963)
(-9.975,-8.175,1.2727922061357857,1.2727922061357857)
(-9.925,-8.225000000000001,1.2727922061357857,1.2727922061357857)
(-9.875,-8.275000000000002,1.2727922061357857,1.2727922061357857)
(-9.825,-8.325000000000001,1.2727922061357857,1.2727922061357857)
(-9.775,-8.375000000000002,1.2619429464123963,1.2619429464123963)
(-9.725,-8.425,1.25,1.25)
(-9.675,-8.425,1.25,1.25)
(-9.625,-8.475000000000001,1.25,1.25)
(-9.575,-8.525000000000002,1.2419742348374223,1.2419742348374223)
(-9.525,-8.575000000000001,1.2379418403139948,1.2379418403139948)
(-9.475,-8.625000000000002,1.2349089035228469,1.2349089035228469)
(-9.425,-8.675,1.2206555615733703,1.2206555615733703)
(-9.375,-8.725000000000001,1.2103718436910205,1.2103718436910205)
(-9.325,-8.775000000000002,1.2041594578792296,1.2041594578792296)
(-9.275,-8.775000000000002,1.2020815280171309,1.2020815280171309)
(-9.225,-8.825000000000001,1.2020815280171309,1.2020815280171309)
(-9.175,-8.875000000000002,1.2041594578792296,1.2041594578792296)
(-9.125,-8.925,1.2041594578792296,1.2041594578792296)
(-9.075,-8.975000000000001,1.1853269591129698,1.1853269591129698)
(-9.025,-8.975000000000001,1.1926860441876563,1.1926860441876563)
(-8.975,-9.025000000000002,1.1853269591129698,1.1853269591129698)
(-8.925,-9.025000000000002,1.1853269591129698,1.1853269591129698)
(-8.875,-9.075000000000001,1.1853269591129698,1.1853269591129698)
(-8.825,-9.075000000000001,1.1800423721205948,1.1800423721205948)
(-8.775,-9.125000000000002,1.1704699910719627,1.1704699910719627)
(-8.725,-9.125000000000002,1.1661903789690602,1.1661903789690602)
(-8.675,-9.175,1.1629703349613008,1.1629703349613008)
(-8.625,-9.175,1.1629703349613008,1.1629703349613008)
(-8.575,-9.225000000000001,1.1629703349613008,1.1629703349613008)
(-8.525,-9.225000000000001,1.1629703349613008,1.1629703349613008)
(-8.475,-9.225000000000001,1.1412712210513327,1.1412712210513327)
(-8.425,-9.275000000000002,1.1543396380615196,1.1543396380615196)
(-8.375,-9.275000000000002,1.1412712210513327,1.1412712210513327)
(-8.325,-9.325000000000001,1.1423659658795864,1.1423659658795864)
(-8.275,-9.325000000000001,1.1412712210513327,1.1412712210513327)
(-8.225,-9.375000000000002,1.1412712210513327,1.1412712210513327)
(-8.175,-9.375000000000002,1.1423659658795864,1.1423659658795864)
(-8.125,-9.425,1.1412712210513327,1.1412712210513327)
(-8.075,-9.425,1.1543396380615196,1.1543396380615196)
(-8.025,-9.425,1.140175425099138,1.140175425099138)
(-7.975,-9.475000000000001,1.140175425099138,1.140175425099138)
(-7.925000000000001,-9.475000000000001,1.1423659658795864,1.1423659658795864)
(-7.875,-9.475000000000001,1.1236102527122116,1.1236102527122116)
(-7.824999999999999,-9.475000000000001,1.1067971810589328,1.1067971810589328)
(-7.775,-9.525000000000002,1.110180165558726,1.110180165558726)
(-7.725,-9.525000000000002,1.118033988749895,1.118033988749895)
(-7.675000000000001,-9.525000000000002,1.1067971810589328,1.1067971810589328)
(-7.625,-9.525000000000002,1.0920164833920778,1.0920164833920778)
(-7.574999999999999,-9.575000000000001,1.1067971810589328,1.1067971810589328)
(-7.525,-9.575000000000001,1.118033988749895,1.118033988749895)
(-7.475,-9.575000000000001,1.110180165558726,1.110180165558726)
(-7.425000000000001,-9.575000000000001,1.104536101718726,1.104536101718726)
(-7.375,-9.625000000000002,1.110180165558726,1.110180165558726)
(-7.324999999999999,-9.625000000000002,1.118033988749895,1.118033988749895)
(-7.275,-9.625000000000002,1.1280514172678477,1.1280514172678477)
(-7.225,-9.625000000000002,1.118033988749895,1.118033988749895)
(-7.175000000000001,-9.625000000000002,1.1067971810589328,1.1067971810589328)
(-7.125,-9.675,1.110180165558726,1.110180165558726)
(-7.074999999999999,-9.675,1.118033988749895,1.118033988749895)
(-7.025,-9.675,1.118033988749895,1.118033988749895)
(-6.975,-9.675,1.110180165558726,1.110180165558726)
(-6.925000000000001,-9.675,1.104536101718726,1.104536101718726)
(-6.875,-9.675,1.101135777277262,1.101135777277262)
(-6.824999999999999,-9.725000000000001,1.1,1.1)
(-6.775,-9.725000000000001,1.1,1.1)
(-6.725,-9.675,1.1,1.1)
(-6.675000000000001,-9.725000000000001,1.1,1.1)
(-6.625,-9.725000000000001,1.1,1.1)
(-6.574999999999999,-9.725000000000001,1.1,1.1)
(-6.525,-9.725000000000001,1.1,1.1)
(-6.475,-9.675,1.1,1.1)
(-6.425000000000001,-9.675,1.1,1.1)
(-6.375,-9.675,1.1,1.1)
(-6.324999999999999,-9.725000000000001,1.1,1.1)
(-6.275,-9.675,1.1,1.1)
(-6.225,-9.675,1.1,1.1)
(-6.175000000000001,-9.675,1.1,1.1)
(-6.125,-9.675,1.1,1.1)
(-6.074999999999999,-9.675,1.1,1.1)
(-6.025,-9.675,1.1,1.1)
(-5.975,-9.675,1.1,1.1)
(-5.925000000000001,-9.675,1.0920164833920778,1.0920164833920778)
(-5.875,-9.675,1.0793516572461452,1.0793516572461452)
(-5.824999999999999,-9.675,1.0688779163215976,1.0688779163215976)
(-5.775,-9.675,1.0606601717798214,1.0606601717798214)
(-5.725,-9.675,1.0547511554864495,1.0547511554864495)
(-5.675000000000001,-9.675,1.051189802081432,1.051189802081432)
(-5.625,-9.625000000000002,1.05,1.05)
(-5.574999999999999,-9.625000000000002,1.05,1.05)
(-5.525,-9.625000000000002,1.05,1.05)
(-5.475,-9.625000000000002,1.044030650891055,1.044030650891055)
(-5.425000000000001,-9.625000000000002,1.0307764064044151,1.0307764064044151)
(-5.375,-9.625000000000002,1.019803902718557,1.019803902718557)
(-5.324999999999999,-9.575000000000001,1.019803902718557,1.019803902718557)
(-5.275,-9.575000000000001,1.0307764064044151,1.0307764064044151)
(-5.225,-9.575000000000001,1.044030650891055,1.044030650891055)
(-5.175000000000001,-9.575000000000001,1.044030650891055,1.044030650891055)
(-5.125,-9.525000000000002,1.0307764064044151,1.0307764064044151)
(-5.074999999999999,-9.525000000000002,1.044030650891055,1.044030650891055)
(-5.025,-9.525000000000002,1.0295630140987002,1.0295630140987002)
(-4.975,-9.475000000000001,1.0111874208078342,1.0111874208078342)
(-4.925000000000001,-9.475000000000001,1.019803902718557,1.019803902718557)
(-4.875,-9.475000000000001,1.0062305898749055,1.0062305898749055)
(-4.824999999999999,-9.425,0.9962429422585638,0.9962429422585638)
(-4.775,-9.425,1.0124228365658294,1.0124228365658294)
(-4.725,-9.425,0.9962429422585638,0.9962429422585638)
(-4.675000000000001,-9.375000000000002,1.0062305898749055,1.0062305898749055)
(-4.625,-9.375000000000002,1.019803902718557,1.019803902718557)
(-4.574999999999999,-9.325000000000001,1.0124228365658294,1.0124228365658294)
(-4.525,-9.275000000000002,1.0,1.0)
(-4.475,-9.275000000000002,1.0124228365658294,1.0124228365658294)
(-4.425000000000001,-9.225000000000001,1.0259142264341596,1.0259142264341596)
(-4.375,-9.175,1.0259142264341596,1.0259142264341596)
(-4.324999999999999,-9.175,1.0295630140987002,1.0295630140987002)
(-4.275,-9.125000000000002,1.051189802081432,1.051189802081432)
(-4.225,-9.075000000000001,1.063014581273465,1.063014581273465)
(-4.175000000000001,-9.025000000000002,1.0700467279516348,1.0700467279516348)
(-4.125,-8.975000000000001,1.0816653826391969,1.0816653826391969)
(-4.074999999999999,-8.925,1.0965856099730655,1.0965856099730655)
(-4.025,-8.875000000000002,1.0816653826391969,1.0816653826391969)
(-3.9749999999999996,-8.825000000000001,1.0700467279516348,1.0700467279516348)
(-3.9250000000000007,-8.825000000000001,1.0816653826391969,1.0816653826391969)
(-3.875,-8.775000000000002,1.0965856099730655,1.0965856099730655)
(-3.8249999999999993,-8.725000000000001,1.0965856099730655,1.0965856099730655)
(-3.7750000000000004,-8.675,1.0965856099730655,1.0965856099730655)
(-3.7249999999999996,-8.625000000000002,1.101135777277262,1.101135777277262)
(-3.6750000000000007,-8.575000000000001,1.101135777277262,1.101135777277262)
(-3.625,-8.575000000000001,1.0965856099730655,1.0965856099730655)
(-3.5749999999999993,-8.525000000000002,1.0965856099730655,1.0965856099730655)
(-3.5749999999999993,-8.475000000000001,1.0965856099730655,1.0965856099730655)
(-3.5250000000000004,-8.425,1.101135777277262,1.101135777277262)
(-3.4749999999999996,-8.375000000000002,1.110180165558726,1.110180165558726)
(-3.4250000000000007,-8.325000000000001,1.1236102527122116,1.1236102527122116)
(-3.375,-8.275000000000002,1.1313708498984762,1.1313708498984762)
(-3.3249999999999993,-8.225000000000001,1.1236102527122116,1.1236102527122116)
(-3.3249999999999993,-8.175,1.110180165558726,1.110180165558726)
(-3.2749999999999986,-8.125000000000002,1.1236102527122116,1.1236102527122116)
(-3.2250000000000014,-8.075000000000001,1.1313708498984762,1.1313708498984762)
(-3.1750000000000007,-8.025000000000002,1.1313708498984762,1.1313708498984762)
(-3.125,-7.975000000000001,1.1313708498984762,1.1313708498984762)
(-3.0749999999999993,-7.925000000000001,1.1335784048754636,1.1335784048754636)
(-3.0249999999999986,-7.875000000000002,1.140175425099138,1.140175425099138)
(-3.0249999999999986,-7.825000000000001,1.1313708498984762,1.1313708498984762)
(-2.9750000000000014,-7.775000000000001,1.1335784048754636,1.1335784048754636)
(-2.9250000000000007,-7.725000000000001,1.140175425099138,1.140175425099138)
(-2.875,-7.675000000000001,1.1335784048754636,1.1335784048754636)
(-2.8249999999999993,-7.625000000000002,1.1236102527122116,1.1236102527122116)
(-2.8249999999999993,-7.575000000000001,1.1412712210513327,1.1412712210513327)
(-2.7749999999999986,-7.525000000000001,1.140175425099138,1.140175425099138)
(-2.7749999999999986,-7.475000000000001,1.1412712210513327,1.1412712210513327)
(-2.7250000000000014,-7.425000000000002,1.1412712210513327,1.1412712210513327)
(-2.7250000000000014,-7.375000000000001,1.140175425099138,1.140175425099138)
(-2.6750000000000007,-7.325000000000001,1.1412712210513327,1.1412712210513327)
(-2.625,-7.275000000000001,1.1236102527122116,1.1236102527122116)
(-2.625,-7.225000000000001,1.1412712210513327,1.1412712210513327)
(-2.5749999999999993,-7.175000000000002,1.1236102527122116,1.1236102527122116)
(-2.5749999999999993,-7.125000000000001,1.1412712210513327,1.1412712210513327)
(-2.5249999999999986,-7.075000000000001,1.118033988749895,1.118033988749895)
(-2.5249999999999986,-7.025000000000001,1.140175425099138,1.140175425099138)
(-2.4750000000000014,-6.975000000000001,1.118033988749895,1.118033988749895)
(-2.4750000000000014,-6.925000000000002,1.1236102527122116,1.1236102527122116)
(-2.4250000000000007,-6.875000000000001,1.1067971810589328,1.1067971810589328)
(-2.4250000000000007,-6.825000000000001,1.118033988749895,1.118033988749895)
(-2.4250000000000007,-6.775000000000001,1.0965856099730655,1.0965856099730655)
(-2.375,-6.725000000000001,1.1067971810589328,1.1067971810589328)
(-2.375,-6.675000000000001,1.1067971810589328,1.1067971810589328)
(-2.3249999999999993,-6.625000000000001,1.0965856099730655,1.0965856099730655)
(-2.3249999999999993,-6.575000000000001,1.118033988749895,1.118033988749895)
(-2.3249999999999993,-6.525000000000001,1.118033988749895,1.118033988749895)
(-2.3249999999999993,-6.475000000000001,1.1067971810589328,1.1067971810589328)
(-2.2749999999999986,-6.425000000000001,1.1236102527122116,1.1236102527122116)
(-2.2749999999999986,-6.375000000000001,1.110180165558726,1.110180165558726)
(-2.2250000000000014,-6.325000000000001,1.1,1.1)
(-2.2250000000000014,-6.275000000000001,1.0977249200050074,1.0977249200050074)
(-2.2250000000000014,-6.225000000000001,1.0735455276791945,1.0735455276791945)
(-2.2250000000000014,-6.175000000000001,1.051189802081432,1.051189802081432)
(-2.1750000000000007,-6.125000000000001,1.05,1.05)
(-2.1750000000000007,-6.075000000000001,1.05,1.05)
(-2.1750000000000007,-6.025000000000001,1.044030650891055,1.044030650891055)
(-2.1750000000000007,-5.975000000000001,1.0307764064044151,1.0307764064044151)
(-2.1750000000000007,-5.925000000000001,1.019803902718557,1.019803902718557)
(-2.1750000000000007,-5.875000000000001,1.0111874208078342,1.0111874208078342)
(-2.1750000000000007,-5.825000000000001,1.004987562112089,1.004987562112089)
(-2.1750000000000007,-5.775000000000001,1.0012492197250393,1.0012492197250393)
(-2.125,-5.725000000000001,1.0,1.0)
(-2.125,-5.675000000000001,1.0,1.0)
(-2.125,-5.625000000000001,1.0,1.0)
(-2.125,-5.575000000000001,1.0,1.0)
(-2.125,-5.525000000000001,0.9962429422585638,0.9962429422585638)
(-2.125,-5.475000000000001,0.982344135219425,0.982344135219425)
(-2.125,-5.425000000000001,0.97082439194738,0.97082439194738)
(-2.125,-5.375000000000001,0.9617692030835672,0.9617692030835672)
(-2.0749999999999993,-5.325000000000001,0.9500000000000001,0.9500000000000001)
(-2.0749999999999993,-5.275000000000001,0.9500000000000001,0.9500000000000001)
(-2.0749999999999993,-5.225000000000001,0.9500000000000001,0.9500000000000001)
(-2.0749999999999993,-5.175000000000001,0.9500000000000001,0.9500000000000001)
(-2.0749999999999993,-5.125000000000001,0.9500000000000001,0.9500000000000001)
(-2.0749999999999993,-5.075000000000001,0.9486832980505139,0.9486832980505139)
(-2.0749999999999993,-5.025000000000001,0.9340770846134703,0.9340770846134703)
(-2.0749999999999993,-4.975000000000001,0.9219544457292888,0.9219544457292888)
(-2.0749999999999993,-4.925000000000001,0.912414379544733,0.912414379544733)
(-2.125,-4.875000000000001,0.912414379544733,0.912414379544733)
(-2.125,-4.825000000000001,0.9219544457292888,0.9219544457292888)
(-2.125,-4.775000000000001,0.9178779875342911,0.9178779875342911)
(-2.1750000000000007,-4.725000000000001,0.9013878188659974,0.9013878188659974)
(-2.1750000000000007,-4.675000000000001,0.9192388155425117,0.9192388155425117)
(-2.1750000000000007,-4.625000000000001,0.9013878188659974,0.9013878188659974)
(-2.2250000000000014,-4.575000000000001,0.9178779875342911,0.9178779875342911)
(-2.2250000000000014,-4.525000000000001,0.9219544457292888,0.9219544457292888)
(-2.2250000000000014,-4.475000000000001,0.912414379544733,0.912414379544733)
(-2.2749999999999986,-4.425000000000001,0.9055385138137417,0.9055385138137417)
(-2.2749999999999986,-4.375000000000001,0.912414379544733,0.912414379544733)
(-2.2749999999999986,-4.325000000000001,0.894427190999916,0.894427190999916)
(-2.3249999999999993,-4.275000000000001,0.8860022573334675,0.8860022573334675)
(-2.3249999999999993,-4.225000000000001,0.9013878188659974,0.9013878188659974)
(-2.3249999999999993,-4.175000000000001,0.8860022573334675,0.8860022573334675)
(-2.375,-4.125000000000001,0.8860022573334675,0.8860022573334675)
(-2.375,-4.075000000000001,0.9013878188659974,0.9013878188659974)
(-2.375,-4.025000000000001,0.9013878188659974,0.9013878188659974)
(-2.4250000000000007,-3.9750000000000014,0.894427190999916,0.894427190999916)
(-2.4250000000000007,-3.9250000000000007,0.9013878188659974,0.9013878188659974)
(-2.4750000000000014,-3.875000000000001,0.9013878188659974,0.9013878188659974)
(-2.4750000000000014,-3.825000000000001,0.894427190999916,0.894427190999916)
(-2.5249999999999986,-3.7750000000000012,0.9178779875342911,0.9178779875342911)
(-2.5749999999999993,-3.7250000000000014,0.8860022573334675,0.8860022573334675)
(-2.625,-3.6750000000000007,0.8544003745317531,0.8544003745317531)
(-2.625,-3.625000000000001,0.873212459828649,0.873212459828649)
(-2.625,-3.575000000000001,0.8602325267042628,0.8602325267042628)
(-2.6750000000000007,-3.5250000000000012,0.873212459828649,0.873212459828649)
(-2.7250000000000014,-3.4750000000000014,0.8500000000000001,0.8500000000000001)
(-2.7250000000000014,-3.4250000000000007,0.8602325267042628,0.8602325267042628)
(-2.7749999999999986,-3.3750000000000018,0.8602325267042628,0.8602325267042628)
(-2.8249999999999993,-3.325000000000001,0.8514693182963202,0.8514693182963202)
(-2.8249999999999993,-3.2750000000000004,0.848528137423857,0.848528137423857)
(-2.875,-3.2250000000000014,0.848528137423857,0.848528137423857)
(-2.9250000000000007,-3.1750000000000007,0.848528137423857,0.848528137423857)
(-2.9750000000000014,-3.1250000000000018,0.848528137423857,0.848528137423857)
(-3.0249999999999986,-3.075000000000001,0.848528137423857,0.848528137423857)
(-3.0749999999999993,-3.0250000000000004,0.848528137423857,0.848528137423857)
(-3.125,-2.9750000000000014,0.848528137423857,0.848528137423857)
(-3.1750000000000007,-2.9250000000000007,0.848528137423857,0.848528137423857)
(-3.2250000000000014,-2.8750000000000018,0.848528137423857,0.848528137423857)
(-3.2749999999999986,-2.825000000000001,0.848528137423857,0.848528137423857)
(-3.3249999999999993,-2.7750000000000004,0.848528137423857,0.848528137423857)
(-3.375,-2.7250000000000014,0.848528137423857,0.848528137423857)
(-3.4250000000000007,-2.6750000000000007,0.8321658488546619,0.8321658488546619)
(-3.4749999999999996,-2.6750000000000007,0.8321658488546619,0.8321658488546619)
(-3.5250000000000004,-2.6250000000000018,0.848528137423857,0.848528137423857)
(-3.5749999999999993,-2.575000000000001,0.848528137423857,0.848528137423857)
(-3.625,-2.5250000000000004,0.848528137423857,0.848528137423857)
(-3.6750000000000007,-2.4750000000000014,0.848528137423857,0.848528137423857)
(-3.7249999999999996,-2.4250000000000007,0.8276472678623424,0.8276472678623424)
(-3.7750000000000004,-2.4250000000000007,0.8321658488546619,0.8321658488546619)
(-3.8249999999999993,-2.3750000000000018,0.8321658488546619,0.8321658488546619)
(-3.875,-2.325000000000001,0.8200609733428363,0.8200609733428363)
(-3.9250000000000007,-2.325000000000001,0.8321658488546619,0.8321658488546619)
(-3.9749999999999996,-2.2750000000000004,0.8246211251235321,0.8246211251235321)
(-4.025,-2.2750000000000004,0.8139410298049854,0.8139410298049854)
(-4.074999999999999,-2.2250000000000014,0.8077747210701756,0.8077747210701756)
(-4.125,-2.1750000000000007,0.7826237921249265,0.7826237921249265)
(-4.175000000000001,-2.1750000000000007,0.7905694150420949,0.7905694150420949)
(-4.225,-2.1250000000000018,0.7905694150420949,0.7905694150420949)
(-4.275,-2.1250000000000018,0.7826237921249265,0.7826237921249265)
(-4.324999999999999,-2.075000000000001,0.8062257748298549,0.8062257748298549)
(-4.375,-2.075000000000001,0.7826237921249265,0.7826237921249265)
(-4.425000000000001,-2.0250000000000004,0.8062257748298549,0.8062257748298549)
(-4.475,-1.9750000000000014,0.7826237921249265,0.7826237921249265)
(-4.525,-1.9750000000000014,0.8062257748298549,0.8062257748298549)
(-4.574999999999999,-1.9250000000000007,0.7905694150420949,0.7905694150420949)
(-4.625,-1.9250000000000007,0.8062257748298549,0.8062257748298549)
(-4.675000000000001,-1.875,0.8062257748298549,0.8062257748298549)
(-4.725,-1.875,0.8062257748298549,0.8062257748298549)
(-4.775,-1.825000000000001,0.7905694150420949,0.7905694150420949)
(-4.824999999999999,-1.825000000000001,0.8062257748298549,0.8062257748298549)
(-4.875,-1.825000000000001,0.7905694150420949,0.7905694150420949)
(-4.925000000000001,-1.7750000000000004,0.7762087348130012,0.7762087348130012)
(-4.975,-1.7750000000000004,0.7905694150420949,0.7905694150420949)
(-5.025,-1.7750000000000004,0.7905694150420949,0.7905694150420949)
(-5.074999999999999,-1.7250000000000014,0.7826237921249265,0.7826237921249265)
(-5.125,-1.7250000000000014,0.8062257748298549,0.8062257748298549)
(-5.175000000000001,-1.7250000000000014,0.8062257748298549,0.8062257748298549)
(-5.225,-1.6750000000000007,0.8062257748298549,0.8062257748298549)
(-5.275,-1.6750000000000007,0.8077747210701756,0.8077747210701756)
(-5.324999999999999,-1.625,0.8200609733428363,0.8200609733428363)
(-5.375,-1.625,0.8246211251235321,0.8246211251235321)
(-5.425000000000001,-1.575000000000001,0.8276472678623424,0.8276472678623424)
(-5.475,-1.575000000000001,0.8276472678623424,0.8276472678623424)
(-5.525,-1.5250000000000004,0.8276472678623424,0.8276472678623424)
(-5.574999999999999,-1.5250000000000004,0.8381527307120106,0.8381527307120106)
(-5.625,-1.4750000000000014,0.8276472678623424,0.8276472678623424)
(-5.675000000000001,-1.4750000000000014,0.8500000000000001,0.8500000000000001)
(-5.725,-1.4750000000000014,0.8558621384311845,0.8558621384311845)
(-5.775,-1.4750000000000014,0.8321658488546619,0.8321658488546619)
(-5.824999999999999,-1.4250000000000007,0.8381527307120106,0.8381527307120106)
(-5.875,-1.4250000000000007,0.8276472678623424,0.8276472678623424)
(-5.925000000000001,-1.375,0.8276472678623424,0.8276472678623424)
(-5.975,-1.375,0.8276472678623424,0.8276472678623424)
(-6.025,-1.325000000000001,0.8276472678623424,0.8276472678623424)
(-6.074999999999999,-1.325000000000001,0.8381527307120106,0.8381527307120106)
(-6.125,-1.2750000000000004,0.8246211251235321,0.8246211251235321)
(-6.175000000000001,-1.2750000000000004,0.8381527307120106,0.8381527307120106)
(-6.225,-1.2750000000000004,0.8544003745317531,0.8544003745317531)
(-6.275,-1.2750000000000004,0.8500000000000001,0.8500000000000001)
(-6.324999999999999,-1.2250000000000014,0.8500000000000001,0.8500000000000001)
(-6.375,-1.2250000000000014,0.8500000000000001,0.8500000000000001)
(-6.425000000000001,-1.1750000000000007,0.8500000000000001,0.8500000000000001)
(-6.475,-1.1750000000000007,0.8544003745317531,0.8544003745317531)
(-6.525,-1.125,0.8500000000000001,0.8500000000000001)
(-6.574999999999999,-1.125,0.8500000000000001,0.8500000000000001)
(-6.625,-1.075000000000001,0.8602325267042628,0.8602325267042628)
(-6.675000000000001,-1.0250000000000004,0.8500000000000001,0.8500000000000001)
(-6.725,-1.0250000000000004,0.8500000000000001,0.8500000000000001)
(-6.775,-0.9750000000000014,0.8602325267042628,0.8602325267042628)
(-6.824999999999999,-0.9250000000000007,0.8514693182963202,0.8514693182963202)
(-6.875,-0.875,0.848528137423857,0.848528137423857)
(-6.925000000000001,-0.875,0.8514693182963202,0.8514693182963202)
(-6.975,-0.8250000000000011,0.8500000000000001,0.8500000000000001)
(-7.025,-0.8250000000000011,0.8321658488546619,0.8321658488546619)
(-7.074999999999999,-0.7750000000000004,0.848528137423857,0.848528137423857)
(-7.125,-0.7250000000000014,0.848528137423857,0.848528137423857)
(-7.175000000000001,-0.6750000000000007,0.848528137423857,0.848528137423857)
(-7.225,-0.625,0.848528137423857,0.848528137423857)
(-7.275,-0.5750000000000011,0.848528137423857,0.848528137423857)
(-7.324999999999999,-0.5250000000000004,0.848528137423857,0.848528137423857)
(-7.324999999999999,-0.4750000000000014,0.8321658488546619,0.8321658488546619)
(-7.375,-0.4250000000000007,0.8321658488546619,0.8321658488546619)
(-7.425000000000001,-0.375,0.8200609733428363,0.8200609733428363)
(-7.475,-0.32500000000000107,0.8139410298049854,0.8139410298049854)
(-7.525,-0.27500000000000036,0.8139410298049854,0.8139410298049854)
(-7.574999999999999,-0.22500000000000142,0.8139410298049854,0.8139410298049854)
(-7.625,-0.1750000000000007,0.8139410298049854,0.8139410298049854)
(-7.675000000000001,-0.125,0.8062257748298549,0.8062257748298549)
(-7.675000000000001,-0.07500000000000107,0.7905694150420949,0.7905694150420949)
(-7.725,-0.025000000000000355,0.8062257748298549,0.8062257748298549)
(-7.775,0.02499999999999858,0.8062257748298549,0.8062257748298549)
(-7.824999999999999,0.07499999999999929,0.7826237921249265,0.7826237921249265)
(-7.824999999999999,0.125,0.7905694150420949,0.7905694150420949)
(-7.875,0.17499999999999893,0.7905694150420949,0.7905694150420949)
(-7.875,0.22499999999999964,0.7810249675906654,0.7810249675906654)
(-7.925000000000001,0.2749999999999986,0.7905694150420949,0.7905694150420949)
(-7.975,0.3249999999999993,0.7826237921249265,0.7826237921249265)
(-7.975,0.375,0.7810249675906654,0.7810249675906654)
(-8.025,0.42499999999999893,0.7762087348130012,0.7762087348130012)
(-8.025,0.47499999999999964,0.7632168761236874,0.7632168761236874)
(-8.075,0.5249999999999986,0.7566372975210779,0.7566372975210779)
(-8.075,0.5749999999999993,0.7615773105863909,0.7615773105863909)
(-8.075,0.625,0.7433034373659253,0.7433034373659253)
(-8.125,0.6749999999999989,0.7433034373659253,0.7433034373659253)
(-8.125,0.7249999999999996,0.7615773105863909,0.7615773105863909)
(-8.125,0.7749999999999986,0.7566372975210779,0.7566372975210779)
(-8.125,0.8249999999999993,0.7516648189186454,0.7516648189186454)
(-8.175,0.875,0.7615773105863909,0.7615773105863909)
(-8.175,0.9249999999999989,0.7615773105863909,0.7615773105863909)
(-8.225,0.9749999999999996,0.7632168761236874,0.7632168761236874)
(-8.225,1.0249999999999986,0.7762087348130012,0.7762087348130012)
(-8.225,1.0749999999999993,0.7648529270389178,0.7648529270389178)
(-8.225,1.125,0.7566372975210779,0.7566372975210779)
(-8.275,1.174999999999999,0.75,0.75)
(-8.275,1.2249999999999996,0.75,0.75)
(-8.275,1.2749999999999986,0.75,0.75)
(-8.275,1.3249999999999993,0.7433034373659253,0.7433034373659253)
(-8.275,1.375,0.7280109889280518,0.7280109889280518)
(-8.275,1.424999999999999,0.7158910531638177,0.7158910531638177)
(-8.275,1.4749999999999996,0.7071067811865476,0.7071067811865476)
(-8.275,1.5249999999999986,0.70178344238091,0.70178344238091)
(-8.325,1.5749999999999993,0.7000000000000001,0.7000000000000001)
(-8.275,1.625,0.7000000000000001,0.7000000000000001)
(-8.275,1.674999999999999,0.7000000000000001,0.7000000000000001)
(-8.275,1.7249999999999996,0.7000000000000001,0.7000000000000001)
(-8.275,1.7749999999999986,0.7000000000000001,0.7000000000000001)
(-8.275,1.8249999999999993,0.7000000000000001,0.7000000000000001)
(-8.275,1.875,0.7000000000000001,0.7000000000000001)
(-8.275,1.924999999999999,0.696419413859206,0.696419413859206)
(-8.275,1.9749999999999996,0.6800735254367722,0.6800735254367722)
(-8.275,2.0249999999999986,0.6670832032063168,0.6670832032063168)
(-8.275,2.0749999999999993,0.6576473218982953,0.6576473218982953)
(-8.225,2.125,0.65,0.65)
(-8.225,2.174999999999999,0.651920240520265,0.651920240520265)
(-8.225,2.2249999999999996,0.6576473218982953,0.6576473218982953)
(-8.225,2.2749999999999986,0.6576473218982953,0.6576473218982953)
(-8.225,2.3249999999999993,0.65,0.65)
(-8.175,2.375,0.65,0.65)
(-8.175,2.424999999999999,0.6670832032063168,0.6670832032063168)
(-8.175,2.4749999999999996,0.6576473218982953,0.6576473218982953)
(-8.175,2.5249999999999986,0.651920240520265,0.651920240520265)
(-8.125,2.5749999999999993,0.6576473218982953,0.6576473218982953)
(-8.125,2.625,0.6670832032063168,0.6670832032063168)
(-8.125,2.674999999999999,0.6800735254367722,0.6800735254367722)
(-8.125,2.7249999999999996,0.696419413859206,0.696419413859206)
(-8.125,2.7749999999999986,0.7000000000000001,0.7000000000000001)
(-8.125,2.8249999999999993,0.696419413859206,0.696419413859206)
(-8.075,2.875,0.696419413859206,0.696419413859206)
(-8.075,2.924999999999999,0.7071067811865476,0.7071067811865476)
(-8.075,2.9749999999999996,0.7071067811865476,0.7071067811865476)
(-8.075,3.0249999999999986,0.70178344238091,0.70178344238091)
(-8.075,3.0749999999999993,0.7000000000000001,0.7000000000000001)
(-8.025,3.125,0.7158910531638177,0.7158910531638177)
(-8.025,3.174999999999999,0.7280109889280518,0.7280109889280518)
(-7.975,3.2249999999999996,0.7211102550927979,0.7211102550927979)
(-7.975,3.2749999999999986,0.7433034373659253,0.7433034373659253)
(-7.925000000000001,3.3249999999999993,0.73824115301167,0.73824115301167)
(-7.925000000000001,3.375,0.7632168761236874,0.7632168761236874)
(-7.925000000000001,3.424999999999999,0.7566372975210779,0.7566372975210779)
(-7.875,3.4749999999999996,0.7810249675906654,0.7810249675906654)
(-7.875,3.5249999999999986,0.7905694150420949,0.7905694150420949)
(-7.824999999999999,3.5749999999999993,0.7826237921249265,0.7826237921249265)
(-7.824999999999999,3.625,0.7826237921249265,0.7826237921249265)
(-7.775,3.674999999999999,0.7905694150420949,0.7905694150420949)
(-7.725,3.7249999999999996,0.7810249675906654,0.7810249675906654)
(-7.725,3.7749999999999986,0.7778174593052023,0.7778174593052023)
(-7.675000000000001,3.8249999999999993,0.7778174593052023,0.7778174593052023)
(-7.625,3.875,0.7778174593052023,0.7778174593052023)
(-7.574999999999999,3.924999999999999,0.7778174593052023,0.7778174593052023)
(-7.525,3.9749999999999996,0.7778174593052023,0.7778174593052023)
(-7.475,4.024999999999999,0.7778174593052023,0.7778174593052023)
(-7.425000000000001,4.074999999999999,0.7778174593052023,0.7778174593052023)
(-7.375,4.125,0.7615773105863909,0.7615773105863909)
(-7.324999999999999,4.125,0.7632168761236874,0.7632168761236874)
(-7.275,4.174999999999999,0.7632168761236874,0.7632168761236874)
(-7.225,4.174999999999999,0.7615773105863909,0.7615773105863909)
(-7.175000000000001,4.225,0.7516648189186454,0.7516648189186454)
(-7.125,4.225,0.7433034373659253,0.7433034373659253)
(-7.074999999999999,4.274999999999999,0.7158910531638177,0.7158910531638177)
(-7.025,4.274999999999999,0.7211102550927979,0.7211102550927979)
(-6.975,4.324999999999999,0.696419413859206,0.696419413859206)
(-6.925000000000001,4.324999999999999,0.7158910531638177,0.7158910531638177)
(-6.875,4.324999999999999,0.696419413859206,0.696419413859206)
(-6.824999999999999,4.375,0.696419413859206,0.696419413859206)
(-6.775,4.375,0.7158910531638177,0.7158910531638177)
(-6.725,4.375,0.6946221994724903,0.6946221994724903)
(-6.675000000000001,4.424999999999999,0.7071067811865476,0.7071067811865476)
(-6.625,4.424999999999999,0.6946221994724903,0.6946221994724903)
(-6.574999999999999,4.475,0.6800735254367722,0.6800735254367722)
(-6.525,4.475,0.696419413859206,0.696419413859206)
(-6.475,4.475,0.6800735254367722,0.6800735254367722)
(-6.425000000000001,4.475,0.6670832032063168,0.6670832032063168)
(-6.375,4.475,0.6576473218982953,0.6576473218982953)
(-6.324999999999999,4.475,0.651920240520265,0.651920240520265)
(-6.275,4.524999999999999,0.65,0.65)
(-6.225,4.475,0.65,0.65)
(-6.175000000000001,4.524999999999999,0.65,0.65)
(-6.125,4.524999999999999,0.65,0.65)
(-6.074999999999999,4.475,0.65,0.65)
(-6.025,4.475,0.65,0.65)
(-5.975,4.524999999999999,0.65,0.65)
(-5.925000000000001,4.475,0.65,0.65)
(-5.875,4.524999999999999,0.65,0.65)
(-5.824999999999999,4.524999999999999,0.65,0.65)
(-5.775,4.475,0.65,0.65)
(-5.725,4.475,0.65,0.65)
(-5.675000000000001,4.475,0.651920240520265,0.651920240520265)
(-5.625,4.475,0.65,0.65)
(-5.574999999999999,4.475,0.6264982043070835,0.6264982043070835)
(-5.525,4.424999999999999,0.632455532033676,0.632455532033676)
(-5.475,4.424999999999999,0.632455532033676,0.632455532033676)
(-5.425000000000001,4.424999999999999,0.6184658438426491,0.6184658438426491)
(-5.375,4.375,0.632455532033676,0.632455532033676)
(-5.324999999999999,4.375,0.632455532033676,0.632455532033676)
(-5.275,4.324999999999999,0.6264982043070835,0.6264982043070835)
(-5.225,4.324999999999999,0.65,0.65)
(-5.175000000000001,4.324999999999999,0.651920240520265,0.651920240520265)
(-5.125,4.324999999999999,0.65,0.65)
(-5.074999999999999,4.324999999999999,0.65,0.65)
(-5.025,4.274999999999999,0.632455532033676,0.632455532033676)
(-4.975,4.274999999999999,0.65,0.65)
(-4.925000000000001,4.274999999999999,0.6576473218982953,0.6576473218982953)
(-4.875,4.274999999999999,0.65,0.65)
(-4.824999999999999,4.225,0.6576473218982953,0.6576473218982953)
(-4.775,4.225,0.6670832032063168,0.6670832032063168)
(-4.725,4.225,0.65,0.65)
(-4.675000000000001,4.174999999999999,0.65,0.65)
(-4.625,4.174999999999999,0.651920240520265,0.651920240520265)
(-4.574999999999999,4.174999999999999,0.6576473218982953,0.6576473218982953)
(-4.525,4.174999999999999,0.651920240520265,0.651920240520265)
(-4.475,4.174999999999999,0.65,0.65)
(-4.425000000000001,4.174999999999999,0.65,0.65)
(-4.375,4.125,0.6670832032063168,0.6670832032063168)
(-4.324999999999999,4.125,0.65,0.65)
(-4.275,4.074999999999999,0.65,0.65)
(-4.225,4.074999999999999,0.6576473218982953,0.6576473218982953)
(-4.175000000000001,4.074999999999999,0.65,0.65)
(-4.125,4.074999999999999,0.632455532033676,0.632455532033676)
(-4.074999999999999,4.024999999999999,0.65,0.65)
(-4.025,4.024999999999999,0.65,0.65)
(-3.9749999999999996,3.9749999999999996,0.65,0.65)
(-3.9250000000000007,3.9749999999999996,0.6670832032063168,0.6670832032063168)
(-3.875,3.9749999999999996,0.6576473218982953,0.6576473218982953)
(-3.8249999999999993,3.9749999999999996,0.65,0.65)
(-3.7750000000000004,3.924999999999999,0.651920240520265,0.651920240520265)
(-3.7249999999999996,3.924999999999999,0.6576473218982953,0.6576473218982953)
(-3.6750000000000007,3.924999999999999,0.6576473218982953,0.6576473218982953)
(-3.625,3.924999999999999,0.651920240520265,0.651920240520265)
(-3.5749999999999993,3.924999999999999,0.65,0.65)
(-3.5250000000000004,3.875,0.6670832032063168,0.6670832032063168)
(-3.4749999999999996,3.875,0.6800735254367722,0.6800735254367722)
(-3.4250000000000007,3.875,0.6800735254367722,0.6800735254367722)
(-3.375,3.875,0.6670832032063168,0.6670832032063168)
(-3.3249999999999993,3.8249999999999993,0.6800735254367722,0.6800735254367722)
(-3.2749999999999986,3.8249999999999993,0.6800735254367722,0.6800735254367722)
(-3.2250000000000014,3.8249999999999993,0.6670832032063168,0.6670832032063168)
(-3.1750000000000007,3.8249999999999993,0.6576473218982953,0.6576473218982953)
(-3.125,3.7749999999999986,0.6576473218982953,0.6576473218982953)
(-3.0749999999999993,3.7749999999999986,0.6670832032063168,0.6670832032063168)
(-3.0249999999999986,3.7749999999999986,0.6670832032063168,0.6670832032063168)
(-2.9750000000000014,3.7749999999999986,0.6576473218982953,0.6576473218982953)
(-2.9250000000000007,3.7249999999999996,0.670820393249937,0.670820393249937)
(-2.875,3.7249999999999996,0.6800735254367722,0.6800735254367722)
(-2.8249999999999993,3.674999999999999,0.6670832032063168,0.6670832032063168)
(-2.7749999999999986,3.674999999999999,0.6800735254367722,0.6800735254367722)
(-2.7250000000000014,3.674999999999999,0.696419413859206,0.696419413859206)
(-2.6750000000000007,3.674999999999999,0.696419413859206,0.696419413859206)
(-2.625,3.625,0.6800735254367722,0.6800735254367722)
(-2.5749999999999993,3.625,0.696419413859206,0.696419413859206)
(-2.5249999999999986,3.625,0.70178344238091,0.70178344238091)
(-2.4750000000000014,3.625,0.696419413859206,0.696419413859206)
(-2.4250000000000007,3.625,0.6800735254367722,0.6800735254367722)
(-2.375,3.5749999999999993,0.6800735254367722,0.6800735254367722)
(-2.3249999999999993,3.5749999999999993,0.696419413859206,0.696419413859206)
(-2.2749999999999986,3.5749999999999993,0.696419413859206,0.696419413859206)
(-2.2250000000000014,3.5749999999999993,0.6800735254367722,0.6800735254367722)
(-2.1750000000000007,3.5249999999999986,0.6800735254367722,0.6800735254367722)
(-2.125,3.5249999999999986,0.696419413859206,0.696419413859206)
(-2.0749999999999993,3.5249999999999986,0.696419413859206,0.696419413859206)
(-2.0249999999999986,3.4749999999999996,0.6946221994724903,0.6946221994724903)
(-1.9750000000000014,3.4749999999999996,0.7071067811865476,0.7071067811865476)
(-1.9250000000000007,3.4749999999999996,0.7071067811865476,0.7071067811865476)
(-1.875,3.4749999999999996,0.70178344238091,0.70178344238091)
(-1.8249999999999993,3.4749999999999996,0.7000000000000001,0.7000000000000001)
(-1.7749999999999986,3.424999999999999,0.7071067811865476,0.7071067811865476)
(-1.7250000000000014,3.424999999999999,0.7158910531638177,0.7158910531638177)
(-1.6750000000000007,3.424999999999999,0.696419413859206,0.696419413859206)
(-1.625,3.375,0.696419413859206,0.696419413859206)
(-1.5749999999999993,3.375,0.7158910531638177,0.7158910531638177)
(-1.5249999999999986,3.375,0.7071067811865476,0.7071067811865476)
(-1.4750000000000014,3.3249999999999993,0.7071067811865476,0.7071067811865476)
(-1.4250000000000007,3.3249999999999993,0.7158910531638177,0.7158910531638177)
(-1.375,3.3249999999999993,0.7158910531638177,0.7158910531638177)
(-1.3249999999999993,3.3249999999999993,0.696419413859206,0.696419413859206)
(-1.2749999999999986,3.2749999999999986,0.7158910531638177,0.7158910531638177)
(-1.2250000000000014,3.2749999999999986,0.7158910531638177,0.7158910531638177)
(-1.1750000000000007,3.2749999999999986,0.7071067811865476,0.7071067811865476)
(-1.125,3.2749999999999986,0.70178344238091,0.70178344238091)
(-1.0749999999999993,3.2249999999999996,0.7071067811865476,0.7071067811865476)
(-1.0249999999999986,3.2249999999999996,0.7158910531638177,0.7158910531638177)
(-0.9750000000000014,3.2249999999999996,0.7158910531638177,0.7158910531638177)
(-0.9250000000000007,3.2249999999999996,0.7071067811865476,0.7071067811865476)
(-0.875,3.174999999999999,0.7071067811865476,0.7071067811865476)
(-0.8249999999999993,3.174999999999999,0.7158910531638177,0.7158910531638177)
(-0.7749999999999986,3.174999999999999,0.7280109889280518,0.7280109889280518)
(-0.7250000000000014,3.174999999999999,0.7158910531638177,0.7158910531638177)
(-0.6750000000000007,3.125,0.7158910531638177,0.7158910531638177)
(-0.625,3.125,0.7280109889280518,0.7280109889280518)
(-0.5749999999999993,3.125,0.7158910531638177,0.7158910531638177)
(-0.5249999999999986,3.0749999999999993,0.7158910531638177,0.7158910531638177)
(-0.4750000000000014,3.0749999999999993,0.7280109889280518,0.7280109889280518)
(-0.4250000000000007,3.0749999999999993,0.7158910531638177,0.7158910531638177)
(-0.375,3.0249999999999986,0.7071067811865476,0.7071067811865476)
(-0.3249999999999993,3.0249999999999986,0.7158910531638177,0.7158910531638177)
(-0.2749999999999986,3.0249999999999986,0.7280109889280518,0.7280109889280518)
(-0.22499999999999787,3.0249999999999986,0.7280109889280518,0.7280109889280518)
(-0.1750000000000007,2.9749999999999996,0.7158910531638177,0.7158910531638177)
(-0.125,2.9749999999999996,0.7280109889280518,0.7280109889280518)
(-0.07499999999999929,2.9749999999999996,0.7280109889280518,0.7280109889280518)
(-0.02499999999999858,2.9749999999999996,0.7158910531638177,0.7158910531638177)
(0.02500000000000213,2.924999999999999,0.7158910531638177,0.7158910531638177)
(0.07499999999999929,2.924999999999999,0.7280109889280518,0.7280109889280518)
(0.125,2.924999999999999,0.7158910531638177,0.7158910531638177)
(0.1750000000000007,2.875,0.7158910531638177,0.7158910531638177)
(0.22500000000000142,2.875,0.7280109889280518,0.7280109889280518)
(0.27500000000000213,2.875,0.7158910531638177,0.7158910531638177)
(0.3249999999999993,2.875,0.7071067811865476,0.7071067811865476)
(0.375,2.8249999999999993,0.7158910531638177,0.7158910531638177)
(0.4250000000000007,2.8249999999999993,0.7280109889280518,0.7280109889280518)
(0.4750000000000014,2.8249999999999993,0.7433034373659253,0.7433034373659253)
(0.5250000000000021,2.8249999999999993,0.7433034373659253,0.7433034373659253)
(0.5749999999999993,2.7749999999999986,0.73824115301167,0.73824115301167)
(0.625,2.7749999999999986,0.7615773105863909,0.7615773105863909)
(0.6750000000000007,2.7749999999999986,0.7566372975210779,0.7566372975210779)
(0.7250000000000014,2.7749999999999986,0.7433034373659253,0.7433034373659253)
(0.7750000000000021,2.7249999999999996,0.7615773105863909,0.7615773105863909)
(0.8249999999999993,2.7249999999999996,0.7648529270389178,0.7648529270389178)
(0.875,2.7249999999999996,0.7566372975210779,0.7566372975210779)
(0.9250000000000007,2.674999999999999,0.7615773105863909,0.7615773105863909)
(0.9750000000000014,2.674999999999999,0.7762087348130012,0.7762087348130012)
(1.0250000000000021,2.674999999999999,0.7615773105863909,0.7615773105863909)
(1.0749999999999993,2.625,0.75,0.75)
(1.125,2.625,0.7516648189186454,0.7516648189186454)
(1.1750000000000007,2.625,0.7566372975210779,0.7566372975210779)
(1.2250000000000014,2.625,0.7566372975210779,0.7566372975210779)
(1.2750000000000021,2.625,0.7433034373659253,0.7433034373659253)
(1.3249999999999993,2.5749999999999993,0.7433034373659253,0.7433034373659253)
(1.375,2.5749999999999993,0.7615773105863909,0.7615773105863909)
(1.4250000000000007,2.5749999999999993,0.7566372975210779,0.7566372975210779)
(1.4750000000000014,2.5749999999999993,0.7433034373659253,0.7433034373659253)
(1.5250000000000021,2.5249999999999986,0.7615773105863909,0.7615773105863909)
(1.5749999999999993,2.5249999999999986,0.7615773105863909,0.7615773105863909)
(1.625,2.5249999999999986,0.7433034373659253,0.7433034373659253)
(1.6750000000000007,2.4749999999999996,0.7615773105863909,0.7615773105863909)
(1.7250000000000014,2.4749999999999996,0.7648529270389178,0.7648529270389178)
(1.7750000000000021,2.4749999999999996,0.7566372975210779,0.7566372975210779)
(1.8249999999999993,2.424999999999999,0.7615773105863909,0.7615773105863909)
(1.875,2.424999999999999,0.7762087348130012,0.7762087348130012)
(1.9250000000000007,2.424999999999999,0.7648529270389178,0.7648529270389178)
(1.9750000000000014,2.375,0.7648529270389178,0.7648529270389178)
(2.025000000000002,2.375,0.7762087348130012,0.7762087348130012)
(2.0749999999999993,2.375,0.7905694150420949,0.7905694150420949)
(2.125,2.375,0.7905694150420949,0.7905694150420949)
(2.1750000000000007,2.375,0.7762087348130012,0.7762087348130012)
(2.2250000000000014,2.3249999999999993,0.7762087348130012,0.7762087348130012)
(2.275000000000002,2.3249999999999993,0.7826237921249265,0.7826237921249265)
(2.3249999999999993,2.3249999999999993,0.7615773105863909,0.7615773105863909)
(2.375,2.2749999999999986,0.7516648189186454,0.7516648189186454)
(2.4250000000000007,2.2749999999999986,0.7566372975210779,0.7566372975210779)
(2.4750000000000014,2.2749999999999986,0.7648529270389178,0.7648529270389178)
(2.525000000000002,2.2749999999999986,0.7566372975210779,0.7566372975210779)
(2.5749999999999993,2.2749999999999986,0.7516648189186454,0.7516648189186454)
(2.625,2.2249999999999996,0.7615773105863909,0.7615773105863909)
(2.6750000000000007,2.2249999999999996,0.7762087348130012,0.7762087348130012)
(2.7250000000000014,2.2249999999999996,0.7762087348130012,0.7762087348130012)
(2.775000000000002,2.2249999999999996,0.7648529270389178,0.7648529270389178)
(2.8249999999999993,2.174999999999999,0.7826237921249265,0.7826237921249265)
(2.875,2.174999999999999,0.8015609770940699,0.8015609770940699)
(2.9250000000000007,2.174999999999999,0.7905694150420949,0.7905694150420949)
(2.9750000000000014,2.125,0.7762087348130012,0.7762087348130012)
(3.025000000000002,2.125,0.7905694150420949,0.7905694150420949)
(3.0749999999999993,2.125,0.8062257748298549,0.8062257748298549)
(3.125,2.125,0.7826237921249265,0.7826237921249265)
(3.1750000000000007,2.0749999999999993,0.7905694150420949,0.7905694150420949)
(3.2250000000000014,2.0749999999999993,0.7905694150420949,0.7905694150420949)
(3.275000000000002,2.0749999999999993,0.7762087348130012,0.7762087348130012)
(3.3249999999999993,2.0749999999999993,0.7648529270389178,0.7648529270389178)
(3.375,2.0249999999999986,0.7566372975210779,0.7566372975210779)
(3.4250000000000007,2.0249999999999986,0.7648529270389178,0.7648529270389178)
(3.4750000000000014,2.0249999999999986,0.7762087348130012,0.7762087348130012)
(3.525000000000002,2.0249999999999986,0.7648529270389178,0.7648529270389178)
(3.5749999999999993,1.9749999999999996,0.7615773105863909,0.7615773105863909)
(3.625,1.9749999999999996,0.7762087348130012,0.7762087348130012)
(3.6750000000000007,1.9749999999999996,0.7762087348130012,0.7762087348130012)
(3.7250000000000014,1.9749999999999996,0.7648529270389178,0.7648529270389178)
(3.775000000000002,1.924999999999999,0.7566372975210779,0.7566372975210779)
(3.8249999999999993,1.924999999999999,0.7648529270389178,0.7648529270389178)
(3.875,1.924999999999999,0.7762087348130012,0.7762087348130012)
(3.9250000000000007,1.924999999999999,0.7648529270389178,0.7648529270389178)
(3.9750000000000014,1.924999999999999,0.7566372975210779,0.7566372975210779)
(4.025000000000002,1.875,0.7516648189186454,0.7516648189186454)
(4.074999999999999,1.875,0.7566372975210779,0.7566372975210779)
(4.125,1.875,0.7648529270389178,0.7648529270389178)
(4.175000000000001,1.875,0.7566372975210779,0.7566372975210779)
(4.225000000000001,1.8249999999999993,0.7433034373659253,0.7433034373659253)
(4.275000000000002,1.8249999999999993,0.7615773105863909,0.7615773105863909)
(4.324999999999999,1.8249999999999993,0.7648529270389178,0.7648529270389178)
(4.375,1.7749999999999986,0.7615773105863909,0.7615773105863909)
(4.425000000000001,1.7749999999999986,0.7826237921249265,0.7826237921249265)
(4.475000000000001,1.7749999999999986,0.8,0.8)
(4.525000000000002,1.7749999999999986,0.8,0.8)
(4.574999999999999,1.7749999999999986,0.7905694150420949,0.7905694150420949)
(4.625,1.7249999999999996,0.7905694150420949,0.7905694150420949)
(4.675000000000001,1.7249999999999996,0.8062257748298549,0.8062257748298549)
(4.725000000000001,1.7249999999999996,0.7905694150420949,0.7905694150420949)
(4.775000000000002,1.7249999999999996,0.7762087348130012,0.7762087348130012)
(4.824999999999999,1.674999999999999,0.7905694150420949,0.7905694150420949)
(4.875,1.674999999999999,0.8,0.8)
(4.925000000000001,1.674999999999999,0.7826237921249265,0.7826237921249265)
(4.975000000000001,1.674999999999999,0.7615773105863909,0.7615773105863909)
(5.025000000000002,1.625,0.7648529270389178,0.7648529270389178)
(5.074999999999999,1.625,0.7762087348130012,0.7762087348130012)
(5.125,1.625,0.7648529270389178,0.7648529270389178)
(5.175000000000001,1.5749999999999993,0.7615773105863909,0.7615773105863909)
(5.225000000000001,1.5749999999999993,0.7762087348130012,0.7762087348130012)
(5.275000000000002,1.5749999999999993,0.7905694150420949,0.7905694150420949)
(5.324999999999999,1.5749999999999993,0.7905694150420949,0.7905694150420949)
(5.375,1.5749999999999993,0.7762087348130012,0.7762087348130012)
(5.425000000000001,1.5249999999999986,0.7648529270389178,0.7648529270389178)
(5.475000000000001,1.5249999999999986,0.7762087348130012,0.7762087348130012)
(5.525000000000002,1.5249999999999986,0.7762087348130012,0.7762087348130012)
(5.574999999999999,1.5249999999999986,0.7648529270389178,0.7648529270389178)
(5.625,1.4749999999999996,0.7826237921249265,0.7826237921249265)
(5.675000000000001,1.4749999999999996,0.8015609770940699,0.8015609770940699)
(5.725000000000001,1.4749999999999996,0.7905694150420949,0.7905694150420949)
(5.775000000000002,1.4749999999999996,0.7762087348130012,0.7762087348130012)
(5.824999999999999,1.424999999999999,0.7762087348130012,0.7762087348130012)
(5.875,1.424999999999999,0.7905694150420949,0.7905694150420949)
(5.925000000000001,1.424999999999999,0.7762087348130012,0.7762087348130012)
(5.975000000000001,1.375,0.7762087348130012,0.7762087348130012)
(6.025000000000002,1.375,0.7905694150420949,0.7905694150420949)
(6.074999999999999,1.375,0.7826237921249265,0.7826237921249265)
(6.125,1.375,0.7615773105863909,0.7615773105863909)
(6.175000000000001,1.3249999999999993,0.7648529270389178,0.7648529270389178)
(6.225000000000001,1.3249999999999993,0.7762087348130012,0.7762087348130012)
(6.275000000000002,1.3249999999999993,0.7648529270389178,0.7648529270389178)
(6.324999999999999,1.3249999999999993,0.7566372975210779,0.7566372975210779)
(6.375,1.2749999999999986,0.7516648189186454,0.7516648189186454)
(6.425000000000001,1.2749999999999986,0.7566372975210779,0.7566372975210779)
(6.475000000000001,1.2749999999999986,0.7615773105863909,0.7615773105863909)
(6.525000000000002,1.2749999999999986,0.73824115301167,0.73824115301167)
(6.574999999999999,1.2249999999999996,0.7433034373659253,0.7433034373659253)
(6.625,1.2249999999999996,0.7433034373659253,0.7433034373659253)
(6.675000000000001,1.2249999999999996,0.7280109889280518,0.7280109889280518)
(6.725000000000001,1.174999999999999,0.7433034373659253,0.7433034373659253)
(6.775000000000002,1.174999999999999,0.7566372975210779,0.7566372975210779)
(6.824999999999999,1.174999999999999,0.7516648189186454,0.7516648189186454)
(6.875,1.125,0.7615773105863909,0.7615773105863909)
(6.925000000000001,1.125,0.7826237921249265,0.7826237921249265)
(6.975000000000001,1.125,0.7905694150420949,0.7905694150420949)
(7.025000000000002,1.125,0.7762087348130012,0.7762087348130012)
(7.074999999999999,1.0749999999999993,0.7762087348130012,0.7762087348130012)
(7.125,1.0749999999999993,0.7905694150420949,0.7905694150420949)
(7.175000000000001,1.0749999999999993,0.8,0.8)
(7.225000000000001,1.0749999999999993,0.7905694150420949,0.7905694150420949)
(7.275000000000002,1.0749999999999993,0.7762087348130012,0.7762087348130012)
(7.324999999999999,1.0249999999999986,0.7648529270389178,0.7648529270389178)
(7.375,1.0249999999999986,0.7762087348130012,0.7762087348130012)
(7.425000000000001,1.0249999999999986,0.7905694150420949,0.7905694150420949)
(7.475000000000001,1.0249999999999986,0.7762087348130012,0.7762087348130012)
(7.525000000000002,1.0249999999999986,0.7648529270389178,0.7648529270389178)
(7.574999999999999,0.9749999999999996,0.7762087348130012,0.7762087348130012)
(7.625,0.9749999999999996,0.7905694150420949,0.7905694150420949)
(7.675000000000001,0.9749999999999996,0.8,0.8)
(7.725000000000001,0.9749999999999996,0.7826237921249265,0.7826237921249265)
(7.775000000000002,0.9249999999999989,0.7762087348130012,0.7762087348130012)
(7.824999999999999,0.9249999999999989,0.7905694150420949,0.7905694150420949)
(7.875,0.9249999999999989,0.7762087348130012,0.7762087348130012)
(7.925000000000001,0.9249999999999989,0.7648529270389178,0.7648529270389178)
(7.975000000000001,0.875,0.7648529270389178,0.7648529270389178)
(8.025000000000002,0.875,0.7762087348130012,0.7762087348130012)
(8.075,0.875,0.7905694150420949,0.7905694150420949)
(8.125,0.875,0.7762087348130012,0.7762087348130012)
(8.175,0.8249999999999993,0.7762087348130012,0.7762087348130012)
(8.225000000000001,0.8249999999999993,0.7905694150420949,0.7905694150420949)
(8.275000000000002,0.8249999999999993,0.7905694150420949,0.7905694150420949)
(8.325,0.7749999999999986,0.7826237921249265,0.7826237921249265)
(8.375,0.7749999999999986,0.8062257748298549,0.8062257748298549)
(8.425,0.7749999999999986,0.8062257748298549,0.8062257748298549)
(8.475000000000001,0.7749999999999986,0.8015609770940699,0.8015609770940699)
(8.525000000000002,0.7749999999999986,0.8,0.8)
(8.575,0.7249999999999996,0.8,0.8)
(8.625,0.7749999999999986,0.8,0.8)
(8.675,0.7249999999999996,0.8015609770940699,0.8015609770940699)
(8.725000000000001,0.7249999999999996,0.8062257748298549,0.8062257748298549)
(8.775000000000002,0.7249999999999996,0.8139410298049854,0.8139410298049854)
(8.825,0.7249999999999996,0.8062257748298549,0.8062257748298549)
(8.875,0.6749999999999989,0.7905694150420949,0.7905694150420949)
(8.925,0.6749999999999989,0.8,0.8)
(8.975000000000001,0.6749999999999989,0.7905694150420949,0.7905694150420949)
(9.025000000000002,0.6749999999999989,0.7762087348130012,0.7762087348130012)
(9.075,0.6749999999999989,0.7648529270389178,0.7648529270389178)
(9.125,0.625,0.7648529270389178,0.7648529270389178)
(9.175,0.625,0.7762087348130012,0.7762087348130012)
(9.225000000000001,0.625,0.7762087348130012,0.7762087348130012)
(9.275000000000002,0.625,0.7648529270389178,0.7648529270389178)
(9.325,0.5749999999999993,0.7648529270389178,0.7648529270389178)
(9.375,0.5749999999999993,0.7762087348130012,0.7762087348130012)
(9.425,0.5749999999999993,0.7762087348130012,0.7762087348130012)
(9.475000000000001,0.5749999999999993,0.7648529270389178,0.7648529270389178)
(9.525000000000002,0.5249999999999986,0.7648529270389178,0.7648529270389178)
(9.575,0.5249999999999986,0.7762087348130012,0.7762087348130012)
(9.625,0.5249999999999986,0.7905694150420949,0.7905694150420949)
(9.675,0.5249999999999986,0.8,0.8)
(9.725000000000001,0.5249999999999986,0.7905694150420949,0.7905694150420949)
(9.775000000000002,0.47499999999999964,0.7762087348130012,0.7762087348130012)
(9.825,0.47499999999999964,0.7905694150420949,0.7905694150420949)
(9.875,0.47499999999999964,0.7905694150420949,0.7905694150420949)
(9.925,0.47499999999999964,0.7762087348130012,0.7762087348130012)
(9.975000000000001,0.47499999999999964,0.7648529270389178,0.7648529270389178)
(10.025000000000002,0.42499999999999893,0.7648529270389178,0.7648529270389178)
(10.075,0.42499999999999893,0.7762087348130012,0.7762087348130012)
(10.125,0.42499999999999893,0.7905694150420949,0.7905694150420949)
(10.175,0.42499999999999893,0.7762087348130012,0.7762087348130012)
(10.225000000000001,0.42499999999999893,0.7648529270389178,0.7648529270389178)
(10.275000000000002,0.375,0.7648529270389178,0.7648529270389178)
(10.325,0.375,0.7762087348130012,0.7762087348130012)
(10.375,0.375,0.7905694150420949,0.7905694150420949)
(10.425,0.375,0.8,0.8)
(10.475000000000001,0.375,0.8,0.8)
(10.525000000000002,0.375,0.7905694150420949,0.7905694150420949)
(10.575,0.375,0.7762087348130012,0.7762087348130012)
(10.625,0.3249999999999993,0.7905694150420949,0.7905694150420949)
(10.675,0.3249999999999993,0.7905694150420949,0.7905694150420949)
(10.725000000000001,0.3249999999999993,0.7762087348130012,0.7762087348130012)
(10.775000000000002,0.2749999999999986,0.7762087348130012,0.7762087348130012)
(10.825,0.2749999999999986,0.7905694150420949,0.7905694150420949)
(10.875,0.2749999999999986,0.8,0.8)
(10.925,0.2749999999999986,0.8,0.8)
(10.975000000000001,0.2749999999999986,0.7905694150420949,0.7905694150420949)
(11.025000000000002,0.2749999999999986,0.7762087348130012,0.7762087348130012)
(11.075,0.2749999999999986,0.7648529270389178,0.7648529270389178)
(11.125,0.22499999999999964,0.7648529270389178,0.7648529270389178)
(11.175,0.22499999999999964,0.7762087348130012,0.7762087348130012)
(11.225000000000001,0.22499999999999964,0.7905694150420949,0.7905694150420949)
(11.275000000000002,0.22499999999999964,0.8,0.8)
(11.325,0.22499999999999964,0.8,0.8)
(11.375,0.22499999999999964,0.8,0.8)
(11.425,0.22499999999999964,0.8,0.8)
(11.475000000000001,0.22499999999999964,0.8,0.8)
(11.525000000000002,0.22499999999999964,0.8,0.8)
(11.575,0.22499999999999964,0.8,0.8)
(11.625,0.22499999999999964,0.8,0.8)
(11.675,0.22499999999999964,0.8,0.8)
(11.725000000000001,0.22499999999999964,0.8,0.8)
(11.775000000000002,0.22499999999999964,0.8,0.8)
(11.825,0.22499999999999964,0.8,0.8)
(11.875,0.22499999999999964,0.8,0.8)
(11.925,0.22499999999999964,0.8,0.8)
(11.975000000000001,0.22499999999999964,0.8,0.8)
(12.025000000000002,0.22499999999999964,0.8,0.8)
(12.075,0.22499999999999964,0.8,0.8)
(12.125,0.22499999999999964,0.8,0.8)
(12.175,0.22499999999999964,0.8,0.8)
(12.225000000000001,0.22499999999999964,0.8,0.8)
(12.275000000000002,0.2749999999999986,0.8077747210701756,0.8077747210701756)
(12.325,0.2749999999999986,0.8246211251235321,0.8246211251235321)
(12.375,0.2749999999999986,0.8139410298049854,0.8139410298049854)
(12.425,0.3249999999999993,0.8321658488546619,0.8321658488546619)
(12.475000000000001,0.375,0.8200609733428363,0.8200609733428363)
(12.525000000000002,0.42499999999999893,0.8139410298049854,0.8139410298049854)
(12.575,0.42499999999999893,0.8139410298049854,0.8139410298049854)
(12.625000000000004,0.47499999999999964,0.8139410298049854,0.8139410298049854)
(12.675,0.5249999999999986,0.8139410298049854,0.8139410298049854)
(12.724999999999998,0.5249999999999986,0.7810249675906654,0.7810249675906654)
(12.724999999999998,0.5749999999999993,0.8139410298049854,0.8139410298049854)
(12.775000000000002,0.625,0.8139410298049854,0.8139410298049854)
(12.825,0.6749999999999989,0.8139410298049854,0.8139410298049854)
(12.875000000000004,0.7249999999999996,0.8139410298049854,0.8139410298049854)
(12.925,0.7749999999999986,0.8139410298049854,0.8139410298049854)
(12.974999999999998,0.8249999999999993,0.8139410298049854,0.8139410298049854)
(12.974999999999998,0.875,0.8276472678623424,0.8276472678623424)
(13.025000000000002,0.9249999999999989,0.8139410298049854,0.8139410298049854)
(13.025000000000002,0.9749999999999996,0.8246211251235321,0.8246211251235321)
(13.025000000000002,1.0249999999999986,0.8077747210701756,0.8077747210701756)
(13.075,1.0749999999999993,0.8077747210701756,0.8077747210701756)
(13.075,1.125,0.8246211251235321,0.8246211251235321)
(13.075,1.174999999999999,0.8139410298049854,0.8139410298049854)
(13.125000000000004,1.2249999999999996,0.8321658488546619,0.8321658488546619)
(13.125000000000004,1.2749999999999986,0.8514693182963202,0.8514693182963202)
(13.125000000000004,1.3249999999999993,0.8500000000000001,0.8500000000000001)
(13.125000000000004,1.375,0.8500000000000001,0.8500000000000001)
(13.175,1.424999999999999,0.8500000000000001,0.8500000000000001)
(13.125000000000004,1.4749999999999996,0.8500000000000001,0.8500000000000001)
(13.125000000000004,1.5249999999999986,0.8500000000000001,0.8500000000000001)
(13.175,1.5749999999999993,0.8500000000000001,0.8500000000000001)
(13.125000000000004,1.625,0.8500000000000001,0.8500000000000001)
(13.175,1.674999999999999,0.8500000000000001,0.8500000000000001)
(13.125000000000004,1.7249999999999996,0.8500000000000001,0.8500000000000001)
(13.175,1.7749999999999986,0.8500000000000001,0.8500000000000001)
(13.125000000000004,1.8249999999999993,0.8514693182963202,0.8514693182963202)
(13.125000000000004,1.875,0.8558621384311845,0.8558621384311845)
(13.125000000000004,1.924999999999999,0.8631338250816034,0.8631338250816034)
(13.125000000000004,1.9749999999999996,0.873212459828649,0.873212459828649)
(13.125000000000004,2.0249999999999986,0.8860022573334675,0.8860022573334675)
(13.125000000000004,2.0749999999999993,0.9,0.9)
(13.125000000000004,2.125,0.9,0.9)
(13.125000000000004,2.174999999999999,0.9,0.9)
(13.125000000000004,2.2249999999999996,0.9,0.9)
(13.125000000000004,2.2749999999999986,0.9,0.9)
(13.075,2.3249999999999993,0.9013878188659974,0.9013878188659974)
(13.075,2.375,0.912414379544733,0.912414379544733)
(13.075,2.424999999999999,0.9219544457292888,0.9219544457292888)
(13.075,2.4749999999999996,0.9340770846134703,0.9340770846134703)
(13.075,2.5249999999999986,0.9340770846134703,0.9340770846134703)
(13.075,2.5749999999999993,0.9219544457292888,0.9219544457292888)
(13.075,2.625,0.912414379544733,0.912414379544733)
(13.075,2.674999999999999,0.9055385138137417,0.9055385138137417)
(13.075,2.7249999999999996,0.9013878188659974,0.9013878188659974)
(13.025000000000002,2.7749999999999986,0.9055385138137417,0.9055385138137417)
(13.025000000000002,2.8249999999999993,0.912414379544733,0.912414379544733)
(13.025000000000002,2.875,0.912414379544733,0.912414379544733)
(13.025000000000002,2.924999999999999,0.9013878188659974,0.9013878188659974)
(12.974999999999998,2.9749999999999996,0.9,0.9)
(12.974999999999998,3.0249999999999986,0.9,0.9)
(12.974999999999998,3.0749999999999993,0.9013878188659974,0.9013878188659974)
(12.974999999999998,3.125,0.8860022573334675,0.8860022573334675)
(12.974999999999998,3.174999999999999,0.873212459828649,0.873212459828649)
(12.925,3.2249999999999996,0.873212459828649,0.873212459828649)
(12.925,3.2749999999999986,0.8860022573334675,0.8860022573334675)
(12.925,3.3249999999999993,0.9,0.9)
(12.925,3.375,0.9,0.9)
(12.925,3.424999999999999,0.9,0.9)
(12.925,3.4749999999999996,0.8860022573334675,0.8860022573334675)
(12.925,3.5249999999999986,0.873212459828649,0.873212459828649)
(12.875000000000004,3.5749999999999993,0.8860022573334675,0.8860022573334675)
(12.875000000000004,3.625,0.9,0.9)
(12.875000000000004,3.674999999999999,0.9,0.9)
(12.875000000000004,3.7249999999999996,0.9,0.9)
(12.875000000000004,3.7749999999999986,0.8860022573334675,0.8860022573334675)
(12.875000000000004,3.8249999999999993,0.873212459828649,0.873212459828649)
(12.875000000000004,3.875,0.8631338250816034,0.8631338250816034)
(12.825,3.924999999999999,0.8558621384311845,0.8558621384311845)
(12.825,3.9749999999999996,0.8631338250816034,0.8631338250816034)
(12.825,4.024999999999999,0.873212459828649,0.873212459828649)
(12.825,4.074999999999999,0.8860022573334675,0.8860022573334675)
(12.825,4.125,0.873212459828649,0.873212459828649)
(12.825,4.174999999999999,0.8631338250816034,0.8631338250816034)
(12.775000000000002,4.225,0.8631338250816034,0.8631338250816034)
(12.775000000000002,4.274999999999999,0.873212459828649,0.873212459828649)
(12.775000000000002,4.324999999999999,0.8860022573334675,0.8860022573334675)
(12.775000000000002,4.375,0.9,0.9)
(12.775000000000002,4.424999999999999,0.9,0.9)
(12.775000000000002,4.475,0.9,0.9)
(12.724999999999998,4.524999999999999,0.9013878188659974,0.9013878188659974)
(12.724999999999998,4.574999999999999,0.9192388155425117,0.9192388155425117)
(12.724999999999998,4.625,0.9394147114027969,0.9394147114027969)
(12.724999999999998,4.675000000000001,0.9500000000000001,0.9500000000000001)
(12.724999999999998,4.724999999999998,0.9486832980505139,0.9486832980505139)
(12.724999999999998,4.774999999999999,0.9340770846134703,0.9340770846134703)
(12.675,4.824999999999999,0.9340770846134703,0.9340770846134703)
(12.675,4.875,0.9486832980505139,0.9486832980505139)
(12.675,4.925000000000001,0.9513148795220223,0.9513148795220223)
(12.675,4.974999999999998,0.9513148795220223,0.9513148795220223)
(12.675,5.024999999999999,0.9500000000000001,0.9500000000000001)
(12.675,5.074999999999999,0.9500000000000001,0.9500000000000001)
(12.675,5.125,0.9500000000000001,0.9500000000000001)
(12.675,5.175000000000001,0.9500000000000001,0.9500000000000001)
(12.675,5.224999999999998,0.9500000000000001,0.9500000000000001)
(12.625000000000004,5.274999999999999,0.9513148795220223,0.9513148795220223)
(12.625000000000004,5.324999999999999,0.95524865872714,0.95524865872714)
(12.625000000000004,5.375,0.9617692030835672,0.9617692030835672)
(12.625000000000004,5.425000000000001,0.97082439194738,0.97082439194738)
(12.625000000000004,5.474999999999998,0.982344135219425,0.982344135219425)
(12.625000000000004,5.524999999999999,0.9962429422585638,0.9962429422585638)
(12.625000000000004,5.574999999999999,1.0,1.0)
(12.625000000000004,5.625,1.0,1.0)
(12.625000000000004,5.675000000000001,1.0,1.0)
(12.625000000000004,5.724999999999998,1.0,1.0)
(12.625000000000004,5.774999999999999,1.0,1.0)
(12.625000000000004,5.824999999999999,1.0,1.0)
(12.625000000000004,5.875,1.0,1.0)
(12.625000000000004,5.925000000000001,1.0,1.0)
(12.625000000000004,5.974999999999998,1.0,1.0)
(12.625000000000004,6.024999999999999,1.0,1.0)
(12.625000000000004,6.074999999999999,0.9962429422585638,0.9962429422585638)
(12.625000000000004,6.125,0.982344135219425,0.982344135219425)
(12.625000000000004,6.175000000000001,0.97082439194738,0.97082439194738)
(12.625000000000004,6.224999999999998,0.9617692030835672,0.9617692030835672)
(12.675,6.274999999999999,0.9617692030835672,0.9617692030835672)
(12.675,6.324999999999999,0.97082439194738,0.97082439194738)
(12.675,6.375,0.982344135219425,0.982344135219425)
(12.675,6.425000000000001,0.9962429422585638,0.9962429422585638)
(12.675,6.474999999999998,1.0,1.0)
(12.675,6.524999999999999,1.0,1.0)
(12.675,6.574999999999999,0.9962429422585638,0.9962429422585638)
(12.675,6.625,0.982344135219425,0.982344135219425)
(12.724999999999998,6.675000000000001,0.982344135219425,0.982344135219425)
(12.724999999999998,6.724999999999998,0.9962429422585638,0.9962429422585638)
(12.724999999999998,6.774999999999999,1.004987562112089,1.004987562112089)
(12.724999999999998,6.824999999999999,1.0012492197250393,1.0012492197250393)
(12.724999999999998,6.875,0.9848857801796105,0.9848857801796105)
(12.775000000000002,6.925000000000001,0.9962429422585638,0.9962429422585638)
(12.775000000000002,6.974999999999998,0.9848857801796105,0.9848857801796105)
(12.825,7.024999999999999,0.982344135219425,0.982344135219425)
(12.825,7.074999999999999,0.9848857801796105,0.9848857801796105)
(12.825,7.125,0.9656603957913984,0.9656603957913984)
(12.875000000000004,7.175000000000001,0.97082439194738,0.97082439194738)
(12.875000000000004,7.224999999999998,0.982344135219425,0.982344135219425)
(12.875000000000004,7.274999999999999,0.9656603957913984,0.9656603957913984)
(12.925,7.324999999999999,0.9656603957913984,0.9656603957913984)
(12.925,7.375,0.982344135219425,0.982344135219425)
(12.925,7.425000000000001,0.97082439194738,0.97082439194738)
(12.974999999999998,7.474999999999998,0.9848857801796105,0.9848857801796105)
(12.974999999999998,7.524999999999999,0.9962429422585638,0.9962429422585638)
(13.025000000000002,7.574999999999999,0.9848857801796105,0.9848857801796105)
(13.025000000000002,7.625,1.0062305898749055,1.0062305898749055)
(13.025000000000002,7.675000000000001,0.9962429422585638,0.9962429422585638)
(13.075,7.725000000000001,0.9962429422585638,0.9962429422585638)
(13.075,7.774999999999999,0.9924716620639604,0.9924716620639604)
(13.125000000000004,7.824999999999999,0.9848857801796105,0.9848857801796105)
(13.125000000000004,7.875,0.97082439194738,0.97082439194738)
(13.175,7.925000000000001,0.9861541461658011,0.9861541461658011)
(13.224999999999998,7.975000000000001,0.97082439194738,0.97082439194738)
(13.224999999999998,8.024999999999999,0.9848857801796105,0.9848857801796105)
(13.275000000000002,8.075,0.9924716620639604,0.9924716620639604)
(13.275000000000002,8.125,0.9962429422585638,0.9962429422585638)
(13.325,8.175,1.0062305898749055,1.0062305898749055)
(13.325,8.225000000000001,0.9924716620639604,0.9924716620639604)
(13.375000000000004,8.274999999999999,1.0,1.0)
(13.425,8.325,1.0,1.0)
(13.474999999999998,8.375,0.9861541461658011,0.9861541461658011)
(13.474999999999998,8.425,1.0,1.0)
(13.525000000000002,8.475000000000001,1.0,1.0)
(13.525000000000002,8.524999999999999,0.9861541461658011,0.9861541461658011)
(13.575,8.575,1.0062305898749055,1.0062305898749055)
(13.625000000000004,8.625,0.9861541461658011,0.9861541461658011)
(13.625000000000004,8.675,0.9924716620639604,0.9924716620639604)
(13.675,8.725000000000001,0.9899494936611666,0.9899494936611666)
(13.724999999999998,8.774999999999999,0.9899494936611666,0.9899494936611666)
(13.775000000000002,8.825,0.9861541461658011,0.9861541461658011)
(13.825,8.875,0.97082439194738,0.97082439194738)
(13.875000000000004,8.925,0.9604686356149273,0.9604686356149273)
(13.925,8.975000000000001,0.95524865872714,0.95524865872714)
(13.974999999999998,9.024999999999999,0.95524865872714,0.95524865872714)
(13.974999999999998,9.075,0.95524865872714,0.95524865872714)
(14.025000000000002,9.125,0.95524865872714,0.95524865872714)
(14.075,9.175,0.95524865872714,0.95524865872714)
(14.125000000000004,9.225000000000001,0.95524865872714,0.95524865872714)
(14.175,9.274999999999999,0.95524865872714,0.95524865872714)
(14.224999999999998,9.325,0.95524865872714,0.95524865872714)
(14.275000000000002,9.325,0.95524865872714,0.95524865872714)
(14.325,9.375,0.95524865872714,0.95524865872714)
(14.325,9.425,0.9604686356149273,0.9604686356149273)
(14.375000000000004,9.475000000000001,0.97082439194738,0.97082439194738)
(14.425,9.524999999999999,0.9604686356149273,0.9604686356149273)
(14.425,9.575,0.9617692030835672,0.9617692030835672)
(14.474999999999998,9.625,0.97082439194738,0.97082439194738)
(14.525000000000002,9.675,0.9604686356149273,0.9604686356149273)
(14.575,9.725000000000001,0.95524865872714,0.95524865872714)
(14.625000000000004,9.774999999999999,0.95524865872714,0.95524865872714)
(14.675,9.825,0.95524865872714,0.95524865872714)
(14.724999999999998,9.875,0.9604686356149273,0.9604686356149273)
(14.775000000000002,9.925,0.95524865872714,0.95524865872714)
(14.825,9.975000000000001,0.95524865872714,0.95524865872714)
(14.875000000000004,10.024999999999999,0.95524865872714,0.95524865872714)
(14.925,10.075,0.95524865872714,0.95524865872714)
(14.974999999999998,10.125,0.9604686356149273,0.9604686356149273)
(15.025000000000002,10.175,0.95524865872714,0.95524865872714)
(15.075,10.225000000000001,0.95524865872714,0.95524865872714)
(15.125000000000004,10.274999999999999,0.95524865872714,0.95524865872714)
(15.125000000000004,10.325,0.9604686356149273,0.9604686356149273)
(15.175,10.375,0.97082439194738,0.97082439194738)
(15.224999999999998,10.425,0.9604686356149273,0.9604686356149273)
(15.275000000000002,10.475000000000001,0.95524865872714,0.95524865872714)
(15.325,10.524999999999999,0.95524865872714,0.95524865872714)
(15.375000000000004,10.575,0.95524865872714,0.95524865872714)
(15.425,10.625,0.95524865872714,0.95524865872714)
(15.474999999999998,10.675,0.95524865872714,0.95524865872714)
(15.525000000000002,10.675,0.9219544457292888,0.9219544457292888)
(15.525000000000002,10.725000000000001,0.95524865872714,0.95524865872714)
(15.575,10.774999999999999,0.95524865872714,0.95524865872714)
(15.575,10.825,0.9617692030835672,0.9617692030835672)
(15.625000000000004,10.875,0.97082439194738,0.97082439194738)
(15.625000000000004,10.925,0.9656603957913984,0.9656603957913984)
(15.675,10.975000000000001,0.9924716620639604,0.9924716620639604)
(15.724999999999998,11.024999999999999,0.9899494936611666,0.9899494936611666)
(15.724999999999998,11.075,1.019803902718557,1.019803902718557)
(15.775000000000002,11.125,1.0259142264341596,1.0259142264341596)
(15.775000000000002,11.175,1.0547511554864495,1.0547511554864495)
(15.825,11.225000000000001,1.063014581273465,1.063014581273465)
(15.825,11.274999999999999,1.0965856099730655,1.0965856099730655)
(15.875000000000004,11.325,1.0965856099730655,1.0965856099730655)
(15.925,11.325,1.0606601717798214,1.0606601717798214)
(15.974999999999998,11.325,1.0259142264341596,1.0259142264341596)
(16.025000000000002,11.325,0.9899494936611666,0.9899494936611666)
(16.075,11.325,0.95524865872714,0.95524865872714)
(16.125000000000004,11.325,0.9192388155425117,0.9192388155425117)
(16.175,11.325,0.8845903006477066,0.8845903006477066)
(16.224999999999998,11.325,0.848528137423857,0.848528137423857)
(16.275000000000002,11.325,0.8139410298049854,0.8139410298049854)
(16.325,11.325,0.7778174593052023,0.7778174593052023)
(16.375000000000004,11.325,0.7433034373659253,0.7433034373659253)
(16.425,11.325,0.7071067811865476,0.7071067811865476)
(16.474999999999998,11.325,0.670820393249937,0.670820393249937)
(16.525000000000002,11.325,0.6264982043070835,0.6264982043070835)
(16.575,11.325,0.5830951894845301,0.5830951894845301)
(16.625000000000004,11.325,0.5408326913195984,0.5408326913195984)
(16.675,11.325,0.5,0.5)
(16.724999999999998,11.325,0.4609772228646444,0.4609772228646444)
(16.775000000000002,11.325,0.4242640687119285,0.4242640687119285)
(16.825,11.325,0.3905124837953327,0.3905124837953327)
(16.875000000000004,11.325,0.3535533905932738,0.3535533905932738)
(16.925,11.325,0.32015621187164245,0.32015621187164245)
(16.974999999999998,11.325,0.29154759474226505,0.29154759474226505)
(17.025000000000002,11.325,0.2692582403567252,0.2692582403567252)
(17.075,11.325,0.25,0.25)